lumen_inlet lumen_outlet lumen_wall 
1.249455E1 1.249056E1 3.765934E2 

1.73149088 4.275261E1 -1.10035E1 
3.34053218 -2.66392E1 2.47750631 
3.01074968 3.13478450 -6.2246743 
3.10468879 3.60429E-1 -5.3657E-1 
3.12777732 2.30393636 -5.3599814 
3.01026454 2.73867E-1 3.97979545 
3.05714351 4.47189E-1 -5.8477E-1 
2.79445846 1.21807968 -6.8555212 
2.94748778 3.95141E-1 -5.4118381 
3.26895226 8.79666E-1 1.87850826 
4.69129365 5.03674E-1 1.10386560 
7.53404173 4.62129E-1 -3.1464561 
1.141744E1 5.70049E-1 -5.3028E-2 
1.318460E1 6.11759E-1 5.75409E-1 
8.71226924 4.03972E-1 -3.2031274 
-2.2571513 1.74164E-1 -3.0970870 
-1.13884E1 3.07271E-1 3.85840E-2 
-8.0737660 4.99855E-1 -1.2131959 
5.23664953 4.93361E-1 -3.8464662 
1.210466E1 3.80460E-1 -2.8443587 
4.38463981 3.53838E-1 2.12193E-1 
-4.9048001 5.04098E-1 1.58062968 
-1.9529858 9.65782E-1 -1.9209E-1 
5.61045124 1.88809482 -2.2364149 
4.10422317 3.29329038 -2.1699346 
-1.7557181 4.87388769 -9.9070E-1 
-7.2633E-1 5.64943488 1.15369E-1 
3.26894711 4.31283066 5.87667E-1 
1.98836406 4.82534E-1 2.96742E-1 
-5.9285E-1 -4.3319432 -6.7856E-1 
7.51070E-1 -6.9158153 -1.7174063 
2.11217938 -4.6181186 -1.5897837 
9.78359E-1 1.15487539 -1.5517E-1 
5.86593E-1 5.04646635 4.72414E-1 
1.31025083 3.24714095 -9.4774E-1 
1.17141365 -1.8840870 -2.1570665 
1.34829542 -4.2760239 -1.1142695 
2.91742204 -1.4680573 4.78848E-1 
4.41280199 2.26078576 8.26060E-1 
5.09822469 1.90155887 8.09753E-1 
4.95210283 -1.2645443 9.60318E-1 
3.02641626 -2.1288521 -8.5046E-2 
-7.1915E-1 1.81617E-1 -2.0024447 
-4.4012546 1.52252210 -2.0535568 
-5.6555287 5.68098E-2 -2.9674E-1 
-3.0348381 -1.1899308 1.46960E-1 
2.33756862 -2.1687E-1 -1.3130738 
6.45430789 8.36071E-1 -1.9165319 
5.80153188 3.31761E-1 -6.8481E-1 
1.00794526 5.86907E-2 3.08884E-1 
-3.5943699 1.42321382 -1.3688E-1 
-4.1187006 2.92277227 -1.0000797 
-1.1273022 3.18780884 -1.1843915 
1.01425937 2.86220637 -6.2254E-1 
-6.5614E-1 2.29458357 4.28780E-1 
-4.1667027 7.04925E-1 1.61197489 
-5.3526298 -1.6326614 2.06894243 
-3.3272143 -3.0476072 1.32687523 
-1.3376435 -2.5482943 3.14730E-1 
-1.9382557 -5.4338E-1 3.52493E-1 
-3.5498548 1.83990576 1.38004144 
-3.2662955 2.99547631 2.00619578 
-1.2189955 1.63476609 1.51508843 
1.44568E-1 -1.5869871 7.81142E-1 
6.20688E-2 -4.1669027 7.42658E-1 
9.51904E-2 -4.1738480 1.22392913 
8.82319E-1 -2.1379544 1.63168336 
8.78140E-1 -3.4810E-1 1.69412469 
-1.0356324 -4.8196E-1 1.23535787 
-3.7678875 -1.9306256 3.79880E-1 
-5.6755610 -2.5816422 -1.5082E-1 
-6.3105657 -1.3773243 2.30686E-1 
-5.7380361 4.29406E-1 1.17022022 
-3.8209490 1.02346662 1.83591278 
-1.2742169 3.61412E-1 1.90997695 
-8.8181E-2 -1.8702E-2 1.66418532 
-1.6678288 8.18025E-1 1.41626756 
-5.1346555 2.06109608 1.34148967 
-8.1101737 2.42435931 1.43734257 
-8.7445779 1.83498660 1.49636119 
-6.9937895 1.16776878 1.37373569 
-4.5653305 7.15413E-1 1.27672240 
-3.5753660 -1.1301E-1 1.56313384 
-4.5665665 -1.4970079 2.15203980 
-5.8713520 -2.5073264 2.42772269 
-5.4841591 -2.1677621 1.98215150 
-3.4063615 -6.9233E-1 1.27722683 
-1.5012019 7.98168E-1 1.13792459 
-1.1641217 1.40782276 1.66439943 
-1.8235874 8.78036E-1 2.17017920 
-1.9161981 -6.6796E-1 2.13189374 
-8.6986E-1 -2.6738369 1.73947907 
2.84635E-1 -4.0162005 1.46199871 
2.35449E-1 -3.7260258 1.47345107 
-1.0786362 -2.0822143 1.62666112 
-2.6044037 -5.0560E-1 1.63924594 
-3.5655944 -1.2945E-1 1.30690877 
-4.0965764 -7.4536E-1 8.00961E-1 
-4.4234098 -1.2300834 6.19711E-1 
-4.1227680 -7.5498E-1 1.05124374 
-2.7515301 4.77360E-1 1.78749007 
-8.9277E-1 1.52658069 2.24162855 
4.76649E-2 1.68106246 2.14964651 
-8.1265E-1 1.16720966 1.73430257 
-2.9985811 8.35947E-1 1.36729977 
-5.1961985 1.12878248 1.23352775 
-6.2659340 1.54184801 1.30273182 
-5.7733932 1.26728046 1.43311209 
-4.0498189 1.84943E-1 1.50905913 
-2.0762638 -1.0195080 1.54350944 
-9.8996E-1 -1.6265032 1.61684477 
-1.1639777 -1.5218438 1.72799262 
-1.7612584 -1.0424318 1.73438919 
-1.5410321 -4.5051E-1 1.51838664 
-1.9023E-1 1.93995E-1 1.20376532 
1.36786609 6.95478E-1 1.07269302 
2.03316350 5.76881E-1 1.24063030 
1.65776066 -4.7752E-1 1.51179095 
1.00957292 -2.0843770 1.57390038 
8.19500E-1 -3.2790515 1.29679969 
1.04049386 -3.2937114 8.58763E-1 
1.00336226 -2.1899981 5.80682E-1 
2.10682E-1 -7.2551E-1 5.98673E-1 
-1.0487791 3.05170E-1 7.19243E-1 
-1.8970707 5.81605E-1 6.65847E-1 
-1.6980899 3.32228E-1 4.54028E-1 
-6.4426E-1 1.02340E-1 3.96130E-1 
5.18662E-1 3.63828E-1 6.95125E-1 
1.20545196 1.12333744 1.15990716 
1.27314814 1.86653130 1.38885271 
7.37192E-1 2.01932633 1.17086002 
-4.1049E-1 1.52121017 6.75615E-1 
-1.9215941 8.64467E-1 2.69868E-1 
-3.0500238 5.36538E-1 1.87259E-1 
-2.9480452 5.09812E-1 3.77596E-1 
-1.4564793 3.57966E-1 6.11204E-1 
6.11953E-1 -1.8091E-1 6.97318E-1 
2.11205654 -8.6222E-1 6.23807E-1 
2.51130307 -1.1616023 5.05718E-1 
2.20181542 -7.9339E-1 4.25327E-1 
1.98954187 4.28519E-3 3.54452E-1 
2.37068721 6.65684E-1 2.34334E-1 
3.22525522 7.49595E-1 8.86788E-2 
4.02246111 2.15208E-1 7.20238E-3 
4.25311190 -6.7006E-1 2.52357E-2 
3.79110489 -1.5763294 6.85357E-2 
2.97912346 -2.2140254 1.47465E-2 
2.34576744 -2.3024615 -1.9972E-1 
2.13821714 -1.6566261 -5.0693E-1 
2.12128063 -4.3096E-1 -7.4060E-1 
1.90654480 8.19122E-1 -7.7603E-1 
1.47321302 1.49342991 -6.4549E-1 
1.26030646 1.43694526 -4.9542E-1 
1.68193969 1.04759657 -4.2668E-1 
2.60500358 8.82306E-1 -4.0363E-1 
3.38109742 1.16741954 -3.3845E-1 
3.39400273 1.66491919 -2.3901E-1 
2.55191094 1.95168726 -2.3215E-1 
1.30064486 1.78792582 -4.2282E-1 
2.64170E-1 1.26027814 -7.4657E-1 
-1.0540E-1 6.58086E-1 -9.9555E-1 
3.47153E-1 2.44196E-1 -1.0030281 
1.50982626 8.83953E-2 -7.9479E-1 
3.04223182 6.09642E-2 -5.6520E-1 
4.43420032 -9.6619E-3 -5.0557E-1 
5.20190387 -1.3971E-1 -6.4838E-1 
5.19440838 -1.5762E-1 -8.7398E-1 
4.74715733 9.03966E-2 -1.0475384 
4.44796897 4.94158E-1 -1.1254936 
4.64770720 6.89690E-1 -1.1482049 
5.16570017 3.66218E-1 -1.1683434 
5.48693125 -4.2679E-1 -1.2052140 
5.24845596 -1.2794008 -1.2556001 
4.53557585 -1.7136575 -1.3223100 
3.75320727 -1.4921600 -1.4184315 
3.26813251 -7.1032E-1 -1.5441789 
3.16594326 3.23320E-1 -1.6627350 
3.27916159 1.26261438 -1.7104812 
3.39268204 1.84542228 -1.6459710 
3.43020481 1.96561423 -1.4905210 
3.47885228 1.71651395 -1.3188825 
3.64100353 1.36271735 -1.2091741 
3.84732327 1.19276750 -1.1926191 
3.82861032 1.31443284 -1.2442456 
3.32934317 1.56190920 -1.3229879 
2.40379322 1.63012522 -1.4129431 
1.50132585 1.33994220 -1.5162448 
1.20257939 7.94798E-1 -1.6124160 
1.79804735 2.85418E-1 -1.6437266 
3.07359272 4.32963E-2 -1.5592247 
4.47948857 7.65113E-2 -1.3835973 
5.50093223 2.18770E-1 -1.2327106 
5.91012005 3.08188E-1 -1.2312672 
5.77436561 3.09291E-1 -1.3986357 
5.33210615 2.83897E-1 -1.6236032 
4.86964546 2.72956E-1 -1.7623709 
4.61391562 2.18320E-1 -1.7588180 
4.62310274 1.10206E-3 -1.6736239 
4.73801100 -4.2852E-1 -1.6106855 
4.68361809 -9.3687E-1 -1.6239382 
4.28750486 -1.2258466 -1.6903758 
3.64009896 -1.0151053 -1.7557074 
3.04180577 -2.6678E-1 -1.7869188 
2.76736857 7.44673E-1 -1.7796847 
2.85144689 1.60023985 -1.7343253 
3.08474114 2.00656620 -1.6427624 
3.21012694 1.94456839 -1.5027431 
3.12102720 1.60854234 -1.3387504 
2.88330089 1.23921781 -1.2031213 
2.59725215 9.98047E-1 -1.1465658 
2.27196050 9.31071E-1 -1.1785371 
1.84645998 9.82562E-1 -1.2568433 
1.32607575 1.02767284 -1.3206006 
8.85056E-1 9.35361E-1 -1.3338986 
8.14818E-1 6.56957E-1 -1.2984172 
1.32854044 2.79646E-1 -1.2322074 
2.36264607 -2.0021E-2 -1.1448584 
3.54603042 -1.0668E-1 -1.0392225 
4.39359766 5.13796E-3 -9.3609E-1 
4.59519428 1.64019E-1 -8.8305E-1 
4.18333047 2.06464E-1 -9.2101E-1 
3.46467427 7.75264E-2 -1.0359500 
2.79533815 -1.5774E-1 -1.1504911 
2.38194191 -4.0363E-1 -1.1759166 
2.22750567 -6.1815E-1 -1.0843765 
2.20367670 -8.0618E-1 -9.3455E-1 
2.15593773 -9.4158E-1 -8.2406E-1 
1.97856929 -9.1965E-1 -8.0883E-1 
1.65514177 -6.1303E-1 -8.6181E-1 
1.26857403 4.40979E-3 -9.0533E-1 
9.59637E-1 7.79429E-1 -8.7970E-1 
8.28511E-1 1.43206042 -7.8172E-1 
8.40116E-1 1.71312449 -6.4693E-1 
8.25379E-1 1.55230828 -5.0633E-1 
6.00325E-1 1.09241844 -3.6731E-1 
1.09798E-1 5.93104E-1 -2.3252E-1 
-5.2919E-1 2.75634E-1 -1.2084E-1 
-1.1148881 2.11164E-1 -5.7483E-2 
-1.4868813 3.16013E-1 -4.5912E-2 
-1.5752906 4.37637E-1 -5.9418E-2 
-1.3527887 4.56647E-1 -6.5077E-2 
-7.7706E-1 3.38335E-1 -5.4655E-2 
1.81000E-1 1.24045E-1 -5.2713E-2 
1.43814291 -1.0779E-1 -9.8272E-2 
2.73303019 -2.8503E-1 -2.1761E-1 
3.69514917 -3.8054E-1 -4.0922E-1 
4.02423922 -4.3223E-1 -6.4760E-1 
3.65164107 -5.2147E-1 -8.9416E-1 
2.76722436 -7.0938E-1 -1.1031142 
1.69927347 -9.7404E-1 -1.2235065 
7.33502E-1 -1.2053050 -1.2084643 
-1.3381E-2 -1.2682322 -1.0337427 
-5.9800E-1 -1.0834845 -7.1560E-1 
-1.1502553 -6.5837E-1 -3.1194E-1 
-1.7511956 -5.4952E-2 1.02559E-1 
-2.3746322 6.53742E-1 4.73860E-1 
-2.9176830 1.38735201 7.89708E-1 
-3.2781647 2.02841509 1.06525795 
-3.4189772 2.41537011 1.30730843 
-3.3881131 2.39584545 1.49345587 
-3.2975925 1.91409516 1.58535844 
-3.2758389 1.06592695 1.56236244 
-3.4051009 7.51868E-2 1.44315941 
-3.6686075 -8.0118E-1 1.27714255 
-3.9434301 -1.3859927 1.11790862 
-4.0583487 -1.6466904 1.00412580 
-3.8881550 -1.6753450 9.57212E-1 
-3.4175635 -1.6033067 9.87030E-1 
-2.7319183 -1.5144697 1.09236542 
-1.9586372 -1.4155132 1.25351204 
-1.2235656 -1.2714584 1.42806748 
-6.5256E-1 -1.0649053 1.56146792 
-3.8510E-1 -8.2951E-1 1.60991897 
-5.4861E-1 -6.3886E-1 1.56048885 
-1.1895331 -5.6625E-1 1.43390522 
-2.2118380 -6.4325E-1 1.27251898 
-3.3830342 -8.3575E-1 1.12360979 
-4.4207118 -1.0462350 1.02603115 
-5.1158601 -1.1440292 1.00329931 
-5.4186184 -1.0185880 1.05987572 
-5.4305803 -6.3323E-1 1.18094777 
-5.3109481 -4.5903E-2 1.33816050 
-5.1667750 6.18011E-1 1.50055743 
-5.0061444 1.21970654 1.64722972 
-4.7792037 1.64758887 1.77258262 
-4.4606017 1.82490138 1.87921494 
-4.1001394 1.70228617 1.96404946 
-3.8045271 1.26533996 2.00952404 
-3.6716433 5.60920E-1 1.99090422 
-3.7272025 -2.8438E-1 1.89752797 
-3.9015001 -1.0865991 1.75014605 
-4.0526524 -1.6704403 1.59660797 
-4.0210173 -1.9444559 1.48724763 
-3.6929189 -1.9350048 1.44927316 
-3.0506908 -1.7539466 1.47881105 
-2.1859626 -1.5221506 1.55233946 
-1.2657127 -1.3044137 1.64270567 
-4.6942E-1 -1.1004740 1.72613342 
6.50569E-2 -8.8823E-1 1.77980717 
2.60214E-1 -6.7493E-1 1.78099219 
8.91106E-2 -5.1105E-1 1.71508031 
-4.3240E-1 -4.5772E-1 1.58699497 
-1.2333747 -5.3668E-1 1.42500599 
-2.1700773 -7.0202E-1 1.27070195 
-3.0389216 -8.5213E-1 1.16132836 
-3.6382448 -8.7195E-1 1.11620767 
-3.8537503 -6.8208E-1 1.13464966 
-3.7099114 -2.7312E-1 1.20397583 
-3.3429614 2.88053E-1 1.30649797 
-2.9121274 8.80517E-1 1.42147982 
-2.5138887 1.37041740 1.52686102 
-2.1595948 1.65218492 1.60371734 
-1.8224458 1.67155318 1.64200585 
-1.5026333 1.42526469 1.64138930 
-1.2511672 9.47832E-1 1.60482246 
-1.1338097 3.02599E-1 1.53171491 
-1.1678024 -4.1726E-1 1.41941983 
-1.2838961 -1.0895968 1.27378904 
-1.3439235 -1.5840595 1.11826903 
-1.2033836 -1.8063195 9.89293E-1 
-7.8108E-1 -1.7426603 9.18450E-1 
-9.8171E-2 -1.4703271 9.13800E-1 
7.29196E-1 -1.1168710 9.54787E-1 
1.53398285 -7.9316E-1 1.00443684 
2.15458936 -5.4788E-1 1.02908727 
2.47845650 -3.7240E-1 1.01104220 
2.45992306 -2.4318E-1 9.48066E-1 
2.11508285 -1.5944E-1 8.45307E-1 
1.50622734 -1.4385E-1 7.11471E-1 
7.29909E-1 -2.0911E-1 5.61811E-1 
-8.7445E-2 -3.2265E-1 4.20989E-1 
-7.9646E-1 -4.0229E-1 3.17105E-1 
-1.2502292 -3.5026E-1 2.69313E-1 
-1.3514683 -1.0490E-1 2.79688E-1 
-1.0993098 3.22664E-1 3.34384E-1 
-5.9883E-1 8.48489E-1 4.11841E-1 
-1.5071E-2 1.34911561 4.90429E-1 
5.05321E-1 1.70706310 5.51392E-1 
8.92750E-1 1.84464514 5.79569E-1 
1.15560790 1.73543663 5.65148E-1 
1.33270123 1.39817995 5.06426E-1 
1.44432275 8.83887E-1 4.10115E-1 
1.48412926 2.66052E-1 2.88041E-1 
1.45362239 -3.6528E-1 1.52478E-1 
1.40219511 -9.1020E-1 1.43791E-2 
1.43112125 -1.2734127 -1.1434E-1 
1.64998171 -1.3893486 -2.1898E-1 
2.11273426 -1.2499194 -2.8531E-1 
2.77691769 -9.1744E-1 -3.0772E-1 
3.51287721 -5.0579E-1 -2.9641E-1 
4.15536052 -1.3446E-1 -2.7656E-1 
4.56437129 1.19868E-1 -2.7777E-1 
4.66330041 2.44371E-1 -3.1997E-1 
4.44455571 2.73116E-1 -4.0568E-1 
3.95424804 2.50042E-1 -5.2271E-1 
3.27421010 2.02392E-1 -6.5207E-1 
2.51079789 1.43084E-1 -7.7471E-1 
1.78747970 9.33754E-2 -8.7426E-1 
1.23221727 9.92163E-2 -9.3700E-1 
9.53214E-1 2.20222E-1 -9.5285E-1 
1.00608504 4.94255E-1 -9.1991E-1 
1.36677922 9.03196E-1 -8.4866E-1 
1.92931684 1.36626035 -7.6105E-1 
2.53882596 1.76793490 -6.8395E-1 
3.04912806 2.00285419 -6.3977E-1 
3.37560985 2.01077914 -6.4045E-1 
3.51425614 1.78676867 -6.8621E-1 
3.51931713 1.36999515 -7.6891E-1 
3.45982510 8.26052E-1 -8.7660E-1 
3.38746353 2.34245E-1 -9.9644E-1 
3.33496610 -3.1918E-1 -1.1163257 
3.33669559 -7.4806E-1 -1.2254381 
3.44339828 -9.7996E-1 -1.3142991 
3.70850175 -9.7641E-1 -1.3752666 
4.14994237 -7.5144E-1 -1.4040009 
4.71665465 -3.7554E-1 -1.4021428 
5.28946837 4.32066E-2 -1.3799653 
5.72142235 3.95385E-1 -1.3559762 
5.89363450 6.08292E-1 -1.3513465 
5.75431798 6.66727E-1 -1.3807049 
5.32441016 6.07431E-1 -1.4451813 
4.67813731 4.93140E-1 -1.5321577 
3.91809778 3.83262E-1 -1.6215747 
3.15816272 3.17961E-1 -1.6943076 
2.51350768 3.20497E-1 -1.7373667 
2.08846776 4.08244E-1 -1.7438452 
1.95564102 5.96618E-1 -1.7109112 
2.13051621 8.87882E-1 -1.6400722 
2.55570489 1.25268494 -1.5404385 
3.10927561 1.62230821 -1.4308559 
3.64063952 1.90373845 -1.3368306 
4.02046726 2.01216185 -1.2820305 
4.18182585 1.90216488 -1.2782061 
4.13421359 1.58108773 -1.3207136 
3.94705660 1.10105189 -1.3926635 
3.71450304 5.40374E-1 -1.4741357 
3.52089708 -1.4156E-2 -1.5499792 
3.42243080 -4.7905E-1 -1.6120458 
3.44779478 -7.8306E-1 -1.6564813 
3.60764381 -8.7869E-1 -1.6807662 
3.89813761 -7.5658E-1 -1.6827620 
4.29211824 -4.5602E-1 -1.6622492 
4.72615911 -6.0556E-2 -1.6229936 
5.10021174 3.24007E-1 -1.5739053 
5.29995335 6.03186E-1 -1.5279747 
5.23473949 7.23918E-1 -1.4986605 
4.87135178 6.87966E-1 -1.4947304 
4.24599711 5.44602E-1 -1.5157029 
3.45179244 3.67712E-1 -1.5507061 
2.61242645 2.29213E-1 -1.5819832 
1.85554133 1.79437E-1 -1.5914529 
1.29233236 2.40101E-1 -1.5670400 
1.00149760 4.08037E-1 -1.5053519 
1.01378248 6.62903E-1 -1.4107536 
1.29902297 9.71346E-1 -1.2930196 
1.76438941 1.28630824 -1.1657207 
2.27257851 1.54705591 -1.0456501 
2.67923850 1.68702931 -9.5072E-1 
2.87668919 1.65105711 -8.9496E-1 
2.82559285 1.41550148 -8.8221E-1 
2.56192702 1.00057887 -9.0325E-1 
2.17867020 4.68599E-1 -9.3913E-1 
1.79216515 -9.0832E-2 -9.6924E-1 
1.50713992 -5.8207E-1 -9.7936E-1 
1.39190659 -9.2370E-1 -9.6506E-1 
1.46883476 -1.0638021 -9.2988E-1 
1.71793062 -9.8960E-1 -8.8079E-1 
2.08682546 -7.3186E-1 -8.2452E-1 
2.50020045 -3.6112E-1 -7.6630E-1 
2.86673030 2.64172E-2 -7.1060E-1 
3.08758905 3.33119E-1 -6.6192E-1 
3.07180171 4.87854E-1 -6.2404E-1 
2.75888063 4.67071E-1 -5.9823E-1 
2.14162842 3.00924E-1 -5.8142E-1 
1.27932495 6.15979E-2 -5.6560E-1 
2.93370E-1 -1.6071E-1 -5.3943E-1 
-6.5516E-1 -2.8541E-1 -4.9162E-1 
-1.3997929 -2.6363E-1 -4.1540E-1 
-1.8054418 -8.8596E-2 -3.1236E-1 
-1.7985596 2.07391E-1 -1.9379E-1 
-1.3843610 5.65404E-1 -7.9948E-2 
-6.4735E-1 9.14999E-1 3.00819E-3 
2.63942E-1 1.18677127 2.84309E-2 
1.16975590 1.32084869 -2.3998E-2 
1.89693957 1.27360475 -1.6048E-1 
2.31671031 1.02575010 -3.6778E-1 
2.37140067 5.91205E-1 -6.1354E-1 
2.08195246 2.37927E-2 -8.5227E-1 
1.53500211 -5.8402E-1 -1.0356658 
8.54456E-1 -1.1147026 -1.1237325 
1.66972E-1 -1.4512155 -1.0927998 
-4.2782E-1 -1.5083597 -9.3804E-1 
-8.7318E-1 -1.2592797 -6.7130E-1 
-1.1563994 -7.4692E-1 -3.1760E-1 
-1.2992669 -7.4836E-2 8.87536E-2 
-1.3461496 6.18430E-1 5.07143E-1 
-1.3551659 1.19200910 8.94027E-1 
-1.3916231 1.53238955 1.20747045 
-1.5201609 1.57406924 1.41360960 
-1.7914317 1.30943124 1.49516959 
-2.2241037 7.88678E-1 1.45711677 
-2.7885611 1.10425E-1 1.32694605 
-3.4015864 -5.9645E-1 1.14885737 
-3.9398767 -1.1991738 9.73492E-1 
-4.2733178 -1.5910311 8.45706E-1 
-4.3081326 -1.7161571 7.95311E-1 
-4.0229952 -1.5799129 8.32653E-1 
-3.4803721 -1.2416660 9.48651E-1 
-2.8080366 -7.9372E-1 1.11816428 
-2.1603643 -3.3743E-1 1.30568229 
-1.6783590 3.54908E-2 1.47233365 
-1.4626199 2.54591E-1 1.58466087 
-1.5615961 2.78230E-1 1.62258167 
-1.9695034 1.00520E-1 1.58388473 
-2.6279263 -2.4310E-1 1.48375944 
-3.4308824 -6.7542E-1 1.35088073 
-4.2383949 -1.0873509 1.22013042 
-4.9021902 -1.3614216 1.12425024 
-5.3010427 -1.4053491 1.08716636 
-5.3741032 -1.1842189 1.11967699 
-5.1370276 -7.3649E-1 1.21856606 
-4.6726890 -1.6312E-1 1.36841050 
-4.1015486 4.05051E-1 1.54428822 
-3.5473414 8.46117E-1 1.71634164 
-3.1127573 1.07505643 1.85486315 
-2.8686197 1.05407326 1.93582320 
-2.8500520 7.90207E-1 1.94627946 
-3.0520578 3.28516E-1 1.88718251 
-3.4233092 -2.5353E-1 1.77365782 
-3.8649097 -8.5358E-1 1.63266642 
-4.2432947 -1.3590989 1.49763094 
-4.4211639 -1.6712770 1.40015921 
-4.3004799 -1.7324482 1.36184716 
-3.8603525 -1.5451285 1.38854459 
-3.1703928 -1.1721423 1.46951962 
-2.3699761 -7.1491E-1 1.58136468 
-1.6220208 -2.8165E-1 1.69441126 
-1.0648362 4.00469E-2 1.78003110 
-7.8305E-1 1.96942E-1 1.81727204 
-8.0260E-1 1.71320E-1 1.79676354 
-1.0999730 -2.1947E-2 1.72128689 
-1.6122142 -3.3749E-1 1.60422826 
-2.2423557 -7.0093E-1 1.46685815 
-2.8656159 -1.0167881 1.33479253 
-3.3461622 -1.1878206 1.23328495 
-3.5677497 -1.1437207 1.18154307 
-3.4699233 -8.6879E-1 1.18828922 
-3.0717024 -4.1356E-1 1.25019349 
-2.4676575 1.18422E-1 1.35180269 
-1.7962333 6.03846E-1 1.46796614 
-1.1951600 9.37425E-1 1.56960060 
-7.6582E-1 1.05717487 1.63057378 
-5.5875E-1 9.49893E-1 1.63426098 
-5.7694E-1 6.42461E-1 1.57734102 
-7.8452E-1 1.89438E-1 1.46908523 
-1.1120435 -3.3474E-1 1.32807832 
-1.4601293 -8.4105E-1 1.17821310 
-1.7105013 -1.2351053 1.04432491 
-1.7514936 -1.4355142 9.47446E-1 
-1.5140982 -1.3983447 9.00656E-1 
-1.0027678 -1.1365476 9.05536E-1 
-3.0264E-1 -7.2103E-1 9.50797E-1 
4.44592E-1 -2.5912E-1 1.01443216 
1.08640146 1.39803E-1 1.06951197 
1.50455908 3.95631E-1 1.09157628 
1.64047448 4.72579E-1 1.06559630 
1.49609589 3.77185E-1 9.89064E-1 
1.11973605 1.47537E-1 8.70953E-1 
5.90578E-1 -1.5698E-1 7.28236E-1 
8.96843E-3 -4.6219E-1 5.81960E-1 
-5.1080E-1 -6.8674E-1 4.53505E-1 
-8.5390E-1 -7.5675E-1 3.60534E-1 
-9.2962E-1 -6.2756E-1 3.14232E-1 
-7.0176E-1 -3.0460E-1 3.17659E-1 
-2.0903E-1 1.50526E-1 3.63973E-1 
4.40242E-1 6.35041E-1 4.36286E-1 
1.10087581 1.03670356 5.10088E-1 
1.63725536 1.26774258 5.58467E-1 
1.96118892 1.28573230 5.59798E-1 
2.04649114 1.09602115 5.04424E-1 
1.92169794 7.40625E-1 3.96774E-1 
1.65281682 2.84190E-1 2.53011E-1 
1.32794543 -1.9633E-1 9.55685E-2 
1.04635740 -6.1873E-1 -5.2882E-2 
9.06259E-1 -9.0438E-1 -1.7374E-1 
9.85154E-1 -9.9296E-1 -2.5478E-1 
1.31454488 -8.6144E-1 -2.9131E-1 
1.86069401 -5.3863E-1 -2.8723E-1 
2.52528234 -1.0317E-1 -2.5533E-1 
3.17136147 3.37461E-1 -2.1573E-1 
3.66504686 6.80342E-1 -1.9144E-1 
3.91376706 8.57250E-1 -2.0172E-1 
3.88554440 8.49053E-1 -2.5632E-1 
3.60630827 6.82103E-1 -3.5289E-1 
3.14400631 4.13314E-1 -4.7867E-1 
2.59135729 1.14390E-1 -6.1502E-1 
2.05299416 -1.4016E-1 -7.4240E-1 
1.63470200 -2.8277E-1 -8.4396E-1 
1.42879462 -2.6413E-1 -9.0730E-1 
1.49306950 -6.7262E-2 -9.2596E-1 
1.82897813 2.81525E-1 -9.0133E-1 
2.37131375 7.12899E-1 -8.4389E-1 
3.00013274 1.13025238 -7.7287E-1 
3.57459689 1.43713551 -7.1281E-1 
3.97556586 1.56468885 -6.8717E-1 
4.13832388 1.48765893 -7.1082E-1 
4.06342317 1.22516448 -7.8527E-1 
3.80628986 8.29739E-1 -8.9921E-1 
3.45584807 3.73412E-1 -1.0330939 
3.11289944 -6.4379E-2 -1.1655659 
2.87301286 -4.0664E-1 -1.2785374 
2.81212665 -5.8934E-1 -1.3595463 
2.97166849 -5.7450E-1 -1.4023533 
3.34462393 -3.6364E-1 -1.4071369 
3.86939877 -4.0952E-3 -1.3807034 
4.43939578 4.18733E-1 -1.3364704 
4.92924638 8.03448E-1 -1.2928413 
5.22917972 1.06211687 -1.2688957 
5.27399145 1.14471042 -1.2786254 
5.05616648 1.04946733 -1.3260905 
4.62149121 8.17804E-1 -1.4043702 
4.05374795 5.18758E-1 -1.4986120 
3.45670425 2.31070E-1 -1.5910956 
2.93776463 2.73654E-2 -1.6657567 
2.59270292 -3.8337E-2 -1.7107260 
2.48912404 5.95061E-2 -1.7190691 
2.64929479 3.10789E-1 -1.6892738 
3.03811020 6.68675E-1 -1.6262850 
3.56458086 1.05715476 -1.5423947 
4.10188291 1.38826779 -1.4566324 
4.52146981 1.58452195 -1.3910623 
4.72890120 1.59847785 -1.3639972 
4.68788736 1.42306519 -1.3832531 
4.42510686 1.09036872 -1.4432521 
4.01743450 6.61855E-1 -1.5276688 
3.56926144 2.15205E-1 -1.6156551 
3.18801028 -1.6928E-1 -1.6884548 
2.96265331 -4.2165E-1 -1.7333751 
2.94702965 -4.9481E-1 -1.7446117 
3.14871785 -3.7591E-1 -1.7225238 
3.52540632 -9.3328E-2 -1.6725697 
3.99138779 2.86144E-1 -1.6046898 
4.43515446 6.71614E-1 -1.5326825 
4.74500043 9.71580E-1 -1.4719288 
4.83565091 1.11862653 -1.4356088 
4.66788987 1.08643930 -1.4305986 
4.25606869 8.94369E-1 -1.4547669 
3.66311245 5.99288E-1 -1.4975800 
2.98670652 2.79642E-1 -1.5433772 
2.34083829 1.67143E-2 -1.5757979 
1.83548675 -1.2309E-1 -1.5817278 
1.55605697 -1.0214E-1 -1.5535650 
1.54460240 8.01710E-2 -1.4900643 
1.78699934 3.86827E-1 -1.3963474 
2.21159663 7.50825E-1 -1.2834855 
2.70311478 1.08990746 -1.1676332 
3.13009320 1.32527151 -1.0675483 
3.37823522 1.39923259 -9.9977E-1 
3.37901583 1.28744970 -9.7298E-1 
3.12501764 1.00349415 -9.8451E-1 
2.66900686 5.95311E-1 -1.0211066 
2.10922984 1.35992E-1 -1.0633506 
1.56593049 -2.8964E-1 -1.0918586 
1.15437357 -6.0097E-1 -1.0925335 
9.59247E-1 -7.3807E-1 -1.0591179 
1.01525000 -6.7602E-1 -9.9322E-1 
1.29834342 -4.3332E-1 -9.0284E-1 
1.73047995 -6.9935E-2 -8.0036E-1 
2.19700314 3.25736E-1 -7.0041E-1 
2.57209272 6.58491E-1 -6.1707E-1 
2.74576443 8.50193E-1 -5.6055E-1 
2.64634722 8.58538E-1 -5.3424E-1 
2.25461343 6.86207E-1 -5.3307E-1 
1.60825030 3.78855E-1 -5.4447E-1 
7.97390E-1 1.38027E-2 -5.5152E-1 
-4.8651E-2 -3.1748E-1 -5.3789E-1 
-7.8275E-1 -5.3031E-1 -4.9219E-1 
-1.2677358 -5.6716E-1 -4.1137E-1 
-1.4060789 -4.1280E-1 -3.0211E-1 
-1.1645267 -9.9451E-2 -1.8015E-1 
-5.8536E-1 3.00802E-1 -6.8656E-2 
2.20754E-1 6.93722E-1 5.15939E-3 
1.09828108 9.85614E-1 1.52917E-2 
1.88245269 1.10397629 -5.6420E-2 
2.43188008 1.01144624 -2.1305E-1 
2.65419839 7.12289E-1 -4.3818E-1 
2.52013456 2.51782E-1 -6.9706E-1 
2.06484697 -2.8931E-1 -9.4303E-1 
1.37796140 -8.0590E-1 -1.1275037 
5.83530E-1 -1.1862520 -1.2104422 
-1.8778E-1 -1.3354949 -1.1677890 
-8.2839E-1 -1.2003879 -9.9371E-1 
-1.2764909 -7.8775E-1 -6.9930E-1 
-1.5256114 -1.6752E-1 -3.1039E-1 
-1.6179289 5.41945E-1 1.34475E-1 
-1.6260036 1.20209994 5.86754E-1 
-1.6312246 1.68552542 9.93689E-1 
-1.7051177 1.90075300 1.30746522 
-1.8965385 1.80570085 1.49589365 
-2.2229463 1.41095555 1.55034056 
-2.6642661 7.76061E-1 1.48707804 
-3.1607364 1.60334E-3 1.34215687 
-3.6191694 -7.8439E-1 1.16241736 
-3.9316797 -1.4480169 9.95277E-1 
-4.0059706 -1.8778618 8.79392E-1 
-3.7976572 -2.0131162 8.38246E-1 
-3.3312342 -1.8599866 8.77473E-1 
-2.6978182 -1.4883716 9.85291E-1 
-2.0304582 -1.0084796 1.13609990 
-1.4682658 -5.3878E-1 1.29668652 
-1.1251441 -1.7804E-1 1.43347990 
-1.0726400 1.10590E-2 1.51963385 
-1.3357247 7.36173E-3 1.53996619 
-1.8942987 -1.6934E-1 1.49337554 
-2.6843846 -4.6237E-1 1.39327123 
-3.5998198 -7.8575E-1 1.26606179 
-4.5006279 -1.0390888 1.14568767 
-5.2349153 -1.1307389 1.06587433 
-5.6746041 -1.0049365 1.05148686 
-5.7539168 -6.6276E-1 1.11251783 
-5.4923478 -1.6518E-1 1.24302214 
-4.9883123 3.84396E-1 1.42280109 
-4.3847844 8.70821E-1 1.62074062 
-3.8240521 1.19701832 1.80096966 
-3.4125989 1.30174694 1.93096020 
-3.2062321 1.16351993 1.98960708 
-3.2111505 7.97017E-1 1.97226631 
-3.3904228 2.48671E-1 1.89073217 
-3.6699150 -4.0537E-1 1.76847420 
-3.9465732 -1.0635838 1.63440257 
-4.1057982 -1.6117928 1.51685816 
-4.0498152 -1.9474282 1.43857159 
-3.7297404 -2.0097643 1.41264801 
-3.1669946 -1.8030733 1.44000099 
-2.4514819 -1.3991358 1.50904884 
-1.7146929 -9.1343E-1 1.59860224 
-1.0906223 -4.6686E-1 1.68347395 
-6.8271E-1 -1.5093E-1 1.74078854 
-5.4846E-1 -1.0465E-2 1.75516601 
-7.0030E-1 -4.4563E-2 1.72048975 
-1.1124408 -2.1670E-1 1.63948758 
-1.7247194 -4.6553E-1 1.52336815 
-2.4423969 -7.1344E-1 1.39165804 
-3.1395076 -8.7784E-1 1.27004266 
-3.6752881 -8.8884E-1 1.18518364 
-3.9271423 -7.1081E-1 1.15674550 
-3.8312182 -3.5862E-1 1.19191536 
-3.4103351 1.02377E-1 1.28362584 
-2.7713504 5.74445E-1 1.41092954 
-2.0695512 9.56619E-1 1.54320303 
-1.4557423 1.17144529 1.64735787 
-1.0324738 1.17883991 1.69666144 
-8.3656E-1 9.76089E-1 1.67823376 
-8.4669E-1 5.90190E-1 1.59605207 
-1.0016397 7.13689E-2 1.46804412 
-1.2167596 -5.0940E-1 1.31922878 
-1.3958868 -1.0628369 1.17475870 
-1.4449644 -1.4908632 1.05499155 
-1.2925187 -1.7073279 9.73269E-1 
-9.1349E-1 -1.6656638 9.35229E-1 
-3.4441E-1 -1.3812255 9.37974E-1 
3.21542E-1 -9.3318E-1 9.69952E-1 
9.60815E-1 -4.4047E-1 1.01263776 
1.45565329 -2.2105E-2 1.04448851 
1.72345727 2.39521E-1 1.04684841 
1.72889946 3.16338E-1 1.00881969 
1.48051024 2.30475E-1 9.28698E-1 
1.02107493 3.73368E-2 8.13181E-1 
4.20939E-1 -1.9237E-1 6.75945E-1 
-2.2438E-1 -3.8548E-1 5.36255E-1 
-7.9863E-1 -4.7634E-1 4.15864E-1 
-1.1800162 -4.1826E-1 3.34333E-1 
-1.2708060 -1.9720E-1 3.04910E-1 
-1.0326598 1.58941E-1 3.30279E-1 
-5.0975E-1 5.82800E-1 4.00257E-1 
1.77565E-1 9.84327E-1 4.92533E-1 
8.70577E-1 1.27631847 5.77142E-1 
1.42544741 1.39713724 6.24183E-1 
1.75619967 1.32178309 6.13031E-1 
1.85004272 1.06056813 5.38725E-1 
1.75563717 6.50692E-1 4.12356E-1 
1.55756565 1.48791E-1 2.56175E-1 
1.35174078 -3.7342E-1 9.55943E-2 
1.22803420 -8.3330E-1 -4.7925E-2 
1.25758441 -1.1469712 -1.6040E-1 
1.48007882 -1.2477403 -2.3543E-1 
1.89137456 -1.1093519 -2.7312E-1 
2.43786752 -7.6321E-1 -2.7937E-1 
3.02504758 -2.9595E-1 -2.6562E-1 
3.54110120 1.75241E-1 -2.4763E-1 
3.88702513 5.40711E-1 -2.4252E-1 
4.00053732 7.32254E-1 -2.6424E-1 
3.86558160 7.38225E-1 -3.2000E-1 
3.50829762 5.97315E-1 -4.0857E-1 
2.98712241 3.78544E-1 -5.2082E-1 
2.38418818 1.59524E-1 -6.4226E-1 
1.79920474 9.76614E-3 -7.5600E-1 
1.34088531 -2.0135E-2 -8.4542E-1 
1.10970600 9.39933E-2 -8.9663E-1 
1.17121363 3.44297E-1 -9.0186E-1 
1.52864222 6.89873E-1 -8.6272E-1 
2.11027893 1.06299142 -7.9187E-1 
2.78388201 1.38413307 -7.1210E-1 
3.39660768 1.58182183 -6.5124E-1 
3.82395103 1.60977393 -6.3396E-1 
4.00572091 1.45553361 -6.7327E-1 
3.95550698 1.13925398 -7.6611E-1 
3.74490921 7.06492E-1 -8.9541E-1 
3.47477034 2.20350E-1 -1.0371396 
3.24670980 -2.4529E-1 -1.1688369 
3.14235009 -6.1314E-1 -1.2750550 
3.21070196 -8.1401E-1 -1.3483835 
3.46121538 -8.0362E-1 -1.3879270 
3.86153068 -5.8041E-1 -1.3974908 
4.34194215 -1.9452E-1 -1.3845229 
4.80854704 2.60845E-1 -1.3599918 
5.16385780 6.75545E-1 -1.3372870 
5.32933915 9.56761E-1 -1.3295192 
5.26264145 1.05639553 -1.3460546 
4.96447231 9.80905E-1 -1.3896468 
4.47567499 7.82637E-1 -1.4555545 
3.86860318 5.39121E-1 -1.5331161 
3.23683707 3.30359E-1 -1.6085208 
2.68416189 2.20323E-1 -1.6675497 
2.31038314 2.45341E-1 -1.6979607 
2.19163068 4.08989E-1 -1.6915872 
2.35757492 6.82929E-1 -1.6466326 
2.77429993 1.01301865 -1.5695311 
3.34414871 1.33016118 -1.4756096 
3.92882341 1.56474126 -1.3870617 
4.38959771 1.66139169 -1.3277159 
4.62876643 1.59025115 -1.3151780 
4.61567506 1.35223761 -1.3540056 
4.38894745 9.77631E-1 -1.4337299 
4.03784150 5.20484E-1 -1.5331637 
3.67289545 5.07198E-2 -1.6285016 
3.39663502 -3.5526E-1 -1.7010111 
3.28117575 -6.2600E-1 -1.7407552 
3.35547741 -7.0907E-1 -1.7463021 
3.60244515 -5.8608E-1 -1.7222187 
