3   21   25
0.000000
0.000050
0.000100
0.000150
0.000200
0.000250
0.000300
0.000350
0.000400
0.000450
0.000500
0.000550
0.000600
0.000650
0.000700
0.000750
0.000800
0.000850
0.000900
0.000950
0.001000
21
0.000000000 0.000000000 0.000000000 
0.000000000 -0.000007608 0.000000000 
0.000000000 -0.000121725 0.000000000 
0.000000000 -0.000616233 0.000000000 
0.000000000 -0.001947602 0.000000000 
0.000000000 -0.004754888 0.000000000 
0.000000000 -0.009859735 0.000000000 
0.000000000 -0.018266376 0.000000000 
0.000000000 -0.031161631 0.000000000 
0.000000000 -0.049914907 0.000000000 
0.000000000 -0.076078201 0.000000000 
0.000000000 -0.111386093 0.000000000 
0.000000000 -0.157755757 0.000000000 
0.000000000 -0.217286949 0.000000000 
0.000000000 -0.292262015 0.000000000 
0.000000000 -0.385145891 0.000000000 
0.000000000 -0.498586095 0.000000000 
0.000000000 -0.635412739 0.000000000 
0.000000000 -0.798638518 0.000000000 
0.000000000 -0.991458718 0.000000000 
0.000000000 -1.217251209 0.000000000 
22
0.000000000 0.000000000 0.000000000 
-0.000000000 -0.000008083 0.726493301 
-0.000000000 -0.000129333 2.905973206 
0.000000000 -0.000654748 6.538439722 
-0.000000000 -0.002069327 11.623892883 
0.000000000 -0.005052068 18.162332777 
-0.000000000 -0.010475968 26.153759582 
0.000000000 -0.019408024 35.598173623 
-0.000000000 -0.033109233 46.495575434 
0.000000000 -0.053034589 58.845965827 
0.000000000 -0.080833088 72.649345986 
-0.000000000 -0.118347724 87.905717556 
0.000000000 -0.167615492 104.615082757 
0.000000000 -0.230867383 122.777444502 
-0.000000000 -0.310528391 142.392806529 
0.000000000 -0.409217509 163.461173544 
0.000000000 -0.529747726 185.982551373 
-0.000000000 -0.675126035 209.956947131 
0.000000000 -0.848553426 235.384369397 
0.000000000 -1.053424888 262.264828403 
-0.000000000 -1.293329410 290.598336236 
23
0.000000000 0.000000000 0.000000000 
0.000000000 -0.000009510 1.452986602 
-0.000000000 -0.000152156 5.811946412 
0.000000000 -0.000770292 13.076879448 
-0.000000000 -0.002434502 23.247785790 
0.000000000 -0.005943609 36.324665641 
0.000000000 -0.012324668 52.307519425 
0.000000000 -0.022832970 71.196347906 
-0.000000000 -0.038952039 92.991152336 
0.000000000 -0.062393634 117.691934632 
0.000000000 -0.095097751 145.298697573 
0.000000000 -0.139232617 175.811445035 
-0.000000000 -0.197194696 209.230182240 
0.000000000 -0.271608686 245.554916042 
-0.000000000 -0.365327519 284.785655237 
0.000000000 -0.481432363 326.922410895 
-0.000000000 -0.623232619 371.965196727 
0.000000000 -0.794265924 419.914029473 
0.000000000 -0.998298148 470.768929320 
-0.000000000 -1.239323397 524.529920344 
0.000000000 -1.521564012 581.197030981 
24
0.000000000 0.000000000 0.000000000 
0.000000000 -0.000011887 2.179479903 
-0.000000000 -0.000190195 8.717919618 
-0.000000000 -0.000962865 19.615319182 
-0.000000000 -0.003043128 34.871678742 
0.000000000 -0.007429512 54.486998680 
0.000000000 -0.015405836 78.461279790 
-0.000000000 -0.028541212 106.794523506 
-0.000000000 -0.048690048 139.486732175 
0.000000000 -0.077992043 176.537909390 
0.000000000 -0.118872188 217.948060364 
0.000000000 -0.174040771 263.717192362 
-0.000000000 -0.246493370 313.845315177 
0.000000000 -0.339510857 368.332441660 
-0.000000000 -0.456659399 427.178588301 
-0.000000000 -0.601790454 490.383775860 
-0.000000000 -0.779040774 557.948030043 
0.000000000 -0.992832405 629.871382239 
-0.000000000 -1.247872685 706.153870298 
0.000000000 -1.549154247 786.795539361 
-0.000000000 -1.901955015 871.796442747 
25
0.000000000 0.000000000 0.000000000 
0.000000000 -0.000015216 2.905973205 
0.000000000 -0.000243450 11.623892826 
-0.000000000 -0.001232467 26.153758928 
-0.000000000 -0.003895204 46.495571763 
-0.000000000 -0.009509775 72.649331982 
-0.000000000 -0.019719470 104.615040940 
0.000000000 -0.036532752 142.392701083 
0.000000000 -0.062323262 185.982316420 
-0.000000000 -0.099829815 235.383893079 
0.000000000 -0.152156401 290.597439960 
0.000000000 -0.222772187 351.622969461 
0.000000000 -0.315511513 418.460498293 
0.000000000 -0.434573897 491.110048392 
0.000000000 -0.584524031 569.571647901 
0.000000000 -0.770291781 653.845332246 
0.000000000 -0.997172191 743.931145304 
-0.000000000 -1.270825478 839.829140641 
0.000000000 -1.597277037 941.539382856 
0.000000000 -1.982917436 1049.061948991 
0.000000000 -2.434502419 1162.396930043 
46
0.000000000 0.000000000 0.000000000 
0.000000007 -0.003612288 -0.002276640 
0.000000113 -0.014432034 -0.009038090 
0.000000573 -0.032407886 -0.020078939 
0.000001805 -0.057454254 -0.035056837 
0.000004391 -0.089451318 -0.053492494 
0.000009065 -0.128245017 -0.074769676 
0.000016707 -0.173647059 -0.098135213 
0.000028329 -0.225434916 -0.122698991 
0.000045065 -0.283351823 -0.147433954 
0.000068154 -0.347106782 -0.171176108 
0.000098923 -0.416374557 -0.192624512 
0.000138769 -0.490795680 -0.210341286 
0.000189136 -0.569976444 -0.222751608 
0.000251492 -0.653488909 -0.228143711 
0.000327307 -0.740870895 -0.224668886 
0.000418021 -0.831625990 -0.210341480 
0.000525018 -0.925223540 -0.183038899 
0.000649595 -1.021098657 -0.140501603 
0.000792925 -1.118652211 -0.080333111 
0.000956027 -1.217250834 0.000000000 
47
0.000000000 0.000000000 0.000000000 
0.000000007 -0.003612763 0.724216446 
0.000000113 -0.014439642 2.896934353 
0.000000573 -0.032446400 6.518359433 
0.000001809 -0.057575979 11.588834532 
0.000004406 -0.089748498 18.108839627 
0.000009109 -0.128861250 26.078991814 
0.000016817 -0.174788708 35.500045298 
0.000028574 -0.227382518 46.372891379 
0.000045561 -0.286471505 58.698558432 
0.000069088 -0.351861670 72.478211889 
0.000100577 -0.423336189 87.713154217 
0.000141557 -0.500655416 104.404824891 
0.000193642 -0.583556880 122.554800370 
0.000258522 -0.671755287 142.164794059 
0.000337941 -0.764942515 163.236656284 
0.000433684 -0.862787622 185.772374250 
0.000547554 -0.964936836 209.774072007 
0.000681349 -1.071013559 235.244010401 
0.000836848 -1.180618369 262.184587039 
0.001015778 -1.293329011 290.598336236 
48
0.000000000 0.000000000 0.000000000 
0.000000007 -0.003614190 1.450709531 
0.000000114 -0.014462465 5.802906796 
0.000000575 -0.032561944 13.056797808 
0.000001820 -0.057941155 23.212725924 
0.000004449 -0.090640040 36.271171834 
0.000009239 -0.130709951 52.232753565 
0.000017146 -0.178213654 71.098226468 
0.000029308 -0.233225325 92.868483216 
0.000047050 -0.295830552 117.544553793 
0.000071889 -0.366126334 145.127605483 
0.000105539 -0.444221084 175.618942862 
0.000149920 -0.530234624 209.020007785 
0.000207161 -0.624298188 245.332379370 
0.000279611 -0.726554420 284.557773985 
0.000369845 -0.837157376 326.698045231 
0.000480675 -0.956272519 371.755183927 
0.000615160 -1.084076722 419.731318085 
0.000776613 -1.220758268 470.628712895 
0.000968617 -1.366516844 524.449770701 
0.001195033 -1.521563542 581.197030981 
49
0.000000000 0.000000000 0.000000000 
0.000000007 -0.003616567 2.177202616 
0.000000114 -0.014500504 8.708879239 
0.000000579 -0.032754517 19.595236192 
0.000001839 -0.058549780 34.836617361 
0.000004522 -0.092125942 54.433504217 
0.000009457 -0.133791118 78.386515838 
0.000017695 -0.183921897 106.696408956 
0.000030532 -0.242963335 139.364077989 
0.000049531 -0.311428962 176.390555105 
0.000076557 -0.389900775 217.777010276 
0.000113809 -0.479029243 263.524751348 
0.000163859 -0.579533304 313.635224120 
0.000229693 -0.692200368 368.110012430 
0.000314760 -0.817886310 426.950838244 
0.000423017 -0.957515476 490.159561764 
0.000558993 -1.112080680 557.738181530 
0.000727836 -1.282643200 629.688834547 
0.000935385 -1.470332782 706.013796404 
0.001188232 -1.676347635 786.715481412 
0.001493792 -1.901954428 871.796442747 
50
0.000000000 0.000000000 0.000000000 
0.000000007 -0.003619896 2.903695702 
0.000000114 -0.014553759 11.614851684 
0.000000584 -0.033024119 26.133674588 
0.000001866 -0.059401856 46.460508868 
0.000004624 -0.094206206 72.595836861 
0.000009762 -0.138104752 104.540278896 
0.000018464 -0.191913437 142.294593420 
0.000032245 -0.256596550 185.859677166 
0.000053004 -0.333266736 235.236565346 
0.000083092 -0.423184991 290.426431869 
0.000125387 -0.527760665 351.430589597 
0.000183374 -0.648551456 418.250490624 
0.000261238 -0.787263419 490.887726589 
0.000363968 -0.945750955 569.344029017 
0.000497459 -1.126016816 653.621269688 
0.000668638 -1.330212105 743.721461042 
0.000885583 -1.560636268 839.646756606 
0.001157667 -1.819737102 941.399451456 
0.001495693 -2.110110742 1048.981982710 
0.001912054 -2.434501668 1162.396930043 
71
0.000000000 0.000000000 0.000000000 
0.000000057 -0.014426326 -0.004553279 
0.000000901 -0.057362952 -0.018076176 
0.000004516 -0.127782822 -0.040157877 
0.000014073 -0.223974178 -0.070113688 
0.000033727 -0.343540557 -0.106985035 
0.000068339 -0.483400792 -0.149539465 
0.000123110 -0.639789014 -0.196270639 
0.000203137 -0.808254646 -0.245398333 
0.000312889 -0.983662409 -0.294868435 
0.000455606 -1.160192318 -0.342352941 
0.000632607 -1.331339687 -0.385249958 
0.000842527 -1.489915119 -0.420683698 
0.001080471 -1.628044519 -0.445504487 
0.001337082 -1.737169086 -0.456288758 
0.001597540 -1.808045313 -0.449339065 
0.001840466 -1.830744997 -0.420684086 
0.002036756 -1.794655230 -0.366078635 
0.002148328 -1.688478409 -0.281003680 
0.002126796 -1.500232232 -0.160666357 
0.001912053 -1.217249708 0.000000000 
72
0.000000000 0.000000000 0.000000000 
0.000000057 -0.014426801 0.721939160 
0.000000901 -0.057370559 2.887893977 
0.000004518 -0.127821337 6.498276444 
0.000014080 -0.224095903 11.553773138 
0.000033756 -0.343837737 18.055345115 
0.000068426 -0.484017026 26.004227750 
0.000123329 -0.640930663 35.401930538 
0.000203626 -0.810202249 46.250236847 
0.000313882 -0.986782092 58.551203631 
0.000457474 -1.164947208 72.307161092 
0.000635915 -1.338301321 87.520712297 
0.000848103 -1.499774859 104.194732754 
0.001089483 -1.641624960 122.332369934 
0.001351142 -1.755435469 141.937042756 
0.001618809 -1.832116939 163.012441011 
0.001871793 -1.861906633 185.562524753 
0.002081826 -1.834368524 209.591523633 
0.002211837 -1.738393298 235.103936186 
0.002214642 -1.562198356 262.104529065 
0.002031556 -1.293327815 290.598336236 
73
0.000000000 0.000000000 0.000000000 
0.000000057 -0.014428228 1.448431598 
0.000000902 -0.057393383 5.793864131 
0.000004522 -0.127936880 13.036710768 
0.000014103 -0.224461079 23.177659987 
0.000033844 -0.344729279 36.217675353 
0.000068688 -0.485865727 52.157995227 
0.000123989 -0.644355609 71.000132373 
0.000205094 -0.816045056 92.745873493 
0.000316859 -0.996141141 117.397278669 
0.000463075 -1.179211877 144.956680718 
0.000645839 -1.359186224 175.426684461 
0.000864829 -1.529354078 208.810165910 
0.001116522 -1.682366283 245.110271361 
0.001393320 -1.810234621 284.330416403 
0.001682617 -1.904331817 326.474284835 
0.001965775 -1.955391541 371.545827502 
0.002217038 -1.953508404 419.549261035 
0.002402364 -1.888137965 470.489066502 
0.002478180 -1.748096726 524.369987971 
0.002390066 -1.521562135 581.197030981 
74
0.000000000 0.000000000 0.000000000 
0.000000057 -0.014430605 2.174924037 
0.000000902 -0.057431422 8.699834285 
0.000004528 -0.128129453 19.575145101 
0.000014142 -0.225069704 34.801546882 
0.000033990 -0.346215182 54.380005766 
0.000069123 -0.488946894 78.311763225 
0.000125087 -0.650063853 106.598335524 
0.000207542 -0.825783069 139.241513073 
0.000321820 -1.011739556 176.243359656 
0.000472412 -1.202986326 217.606211538 
0.000662379 -1.393994395 263.332676458 
0.000892707 -1.578652777 313.425632497 
0.001161586 -1.750268487 367.888226832 
0.001463617 -1.901566539 426.723874361 
0.001788962 -2.024689946 489.936256215 
0.002122410 -2.111199720 557.529318144 
0.002442392 -2.152074872 629.507268783 
0.002719909 -2.137712411 705.874577797 
0.002917410 -2.057927342 786.635973898 
0.002987583 -1.901952668 871.796442747 
75
0.000000000 0.000000000 0.000000000 
0.000000057 -0.014433934 2.901416475 
0.000000903 -0.057484677 11.605804440 
0.000004538 -0.128399055 26.113579446 
0.000014195 -0.225921780 46.425433845 
0.000034194 -0.348295445 72.542336442 
0.000069733 -0.493260529 104.465532007 
0.000126625 -0.658055395 142.196540652 
0.000210968 -0.839416288 185.737157057 
0.000328767 -1.033577337 235.089449569 
0.000485482 -1.236270554 290.255759155 
0.000685534 -1.442725835 351.238698211 
0.000931736 -1.647670956 418.041149242 
0.001224676 -1.845331573 490.666263386 
0.001562034 -2.029431225 569.117458810 
0.001937845 -2.193191327 653.398418958 
0.002341700 -2.329331171 743.513090658 
0.002757886 -2.430067927 839.465682088 
0.003164472 -2.487116635 941.260660596 
0.003532331 -2.491690205 1048.902750386 
0.003824106 -2.434499416 1162.396930043 
96
0.000000000 0.000000000 0.000000000 
0.000000191 -0.032449715 -0.006829915 
0.000003037 -0.128914452 -0.027114256 
0.000015201 -0.286740985 -0.060236813 
0.000047266 -0.501507272 -0.105170565 
0.000112953 -0.767022452 -0.160477673 
0.000228031 -1.075326844 -0.224309479 
0.000408905 -1.416691948 -0.294406491 
0.000670901 -1.779620440 -0.368098379 
0.001026232 -2.150846177 -0.442303967 
0.001481654 -2.515334190 -0.513531226 
0.002035811 -2.856280695 -0.577877272 
0.002676262 -3.155113084 -0.631028362 
0.003376203 -3.391489940 -0.668259907 
0.004090868 -3.543301038 -0.684436478 
0.004753626 -3.586667356 -0.674011832 
0.005271759 -3.495941091 -0.631028943 
0.005521930 -3.243705673 -0.549120048 
0.005345337 -2.800775789 -0.421506703 
0.004542557 -2.136197412 -0.240999869 
0.002868078 -1.217247831 -0.000000000 
97
0.000000000 0.000000000 0.000000000 
0.000000191 -0.032450191 0.719661445 
0.000003038 -0.128922060 2.878852082 
0.000015203 -0.286779499 6.478190756 
0.000047277 -0.501628997 11.518708689 
0.000112997 -0.767319632 18.001849195 
0.000228162 -1.075943078 25.929467279 
0.000409234 -1.417833597 35.303829129 
0.000671635 -1.781568043 46.127611485 
0.001027720 -2.153965861 58.403900899 
0.001484455 -2.520089083 72.136192868 
0.002040772 -2.863242333 87.328390861 
0.002684625 -3.164972830 103.984805217 
0.003389722 -3.405070389 122.110151925 
0.004111957 -3.561567431 141.709551282 
0.004785530 -3.610738992 162.788526429 
0.005318750 -3.527102734 185.353001754 
0.005589536 -3.283418963 209.409301173 
0.005440600 -2.850690656 234.964146276 
0.004674326 -2.198163477 262.024654346 
0.003047333 -1.293325820 290.598336236 
98
0.000000000 0.000000000 0.000000000 
0.000000191 -0.032451617 1.446152805 
0.000003038 -0.128944883 5.784818420 
0.000015210 -0.286895043 13.016618329 
0.000047312 -0.501994172 23.142587966 
0.000113128 -0.768211174 36.164176150 
0.000228554 -1.077791779 52.083244297 
0.000410223 -1.421258545 70.902065405 
0.000673838 -1.787410854 92.623322814 
0.001032186 -2.163324915 117.250108734 
0.001492857 -2.534353760 144.785922551 
0.002055658 -2.884127249 175.234668896 
0.002709715 -3.194552068 208.600655489 
0.003430279 -3.445811736 244.888590746 
0.004175225 -3.616366611 284.103581154 
0.004881241 -3.682953898 326.251128411 
0.005459722 -3.620587660 371.337126327 
0.005792354 -3.402558834 419.367857487 
0.005726391 -3.000435254 470.349989668 
0.005069633 -2.384061672 524.290572017 
0.003585097 -1.521559788 581.197030981 
99
0.000000000 0.000000000 0.000000000 
0.000000191 -0.032453994 2.172644165 
0.000003039 -0.128982922 8.690784759 
0.000015220 -0.287087616 19.555045911 
0.000047369 -0.502602798 34.766467289 
0.000113347 -0.769697077 54.326503281 
0.000229207 -1.080872948 78.237021838 
0.000411871 -1.426966791 106.500302998 
0.000677509 -1.797148871 139.119037075 
0.001039628 -2.178923338 176.096322516 
0.001506862 -2.558128223 217.435663424 
0.002080468 -2.918935442 263.140966757 
0.002751532 -3.243850797 313.216539181 
0.003497876 -3.513713981 367.667083595 
0.004280671 -3.707698578 426.497695314 
0.005040759 -3.803312075 489.713857918 
0.005694676 -3.776395870 557.321438756 
0.006130384 -3.601125285 629.326684108 
0.006202708 -3.250009586 705.736214001 
0.005728478 -2.693891997 786.557016684 
0.004481372 -1.901949735 871.796442747 
100
0.000000000 0.000000000 0.000000000 
0.000000191 -0.032457323 2.899135525 
0.000003040 -0.129036177 11.596751099 
0.000015234 -0.287357218 26.093473504 
0.000047449 -0.503454874 46.390346681 
0.000113654 -0.771777341 72.488830673 
0.000230122 -1.085186584 104.390800161 
0.000414177 -1.434958335 142.098542566 
0.000682648 -1.810782096 185.614755738 
0.001050047 -2.200761131 234.942545221 
0.001526468 -2.591412470 290.085421089 
0.002115201 -2.967666912 351.047294367 
0.002810075 -3.312869019 417.832473019 
0.003592510 -3.608777124 490.445657510 
0.004428295 -3.835563332 568.891935942 
0.005264084 -3.971813523 653.176778760 
0.006023610 -3.994527364 743.306033023 
0.006603626 -3.879118317 839.285916247 
0.006869553 -3.599413650 941.123009801 
0.006650860 -3.127654453 1048.824251885 
0.005736156 -2.434495661 1162.396930043 
121
0.000000000 0.000000000 0.000000000 
0.000000453 -0.057682444 -0.009106547 
0.000007197 -0.229086490 -0.036152326 
0.000035999 -0.509282278 -0.080315746 
0.000111847 -0.890053368 -0.140227481 
0.000267015 -1.359896746 -0.213970456 
0.000538349 -1.904022811 -0.299079830 
0.000963788 -2.504355377 -0.392542980 
0.001578099 -3.139531668 -0.490799479 
0.002407849 -3.784902315 -0.589741077 
0.003465593 -4.412531364 -0.684711689 
0.004743292 -4.991196271 -0.770507388 
0.006204959 -5.486387922 -0.841376403 
0.007778528 -5.860310648 -0.891019139 
0.009346944 -6.071882251 -0.912588207 
0.010738488 -6.076734043 -0.898688481 
0.011716320 -5.827210896 -0.841377178 
0.011967255 -5.272371308 -0.732163974 
0.011089753 -4.357987489 -0.562011148 
0.008581150 -3.026545466 -0.321333782 
0.003824101 -1.217245203 0.000000000 
122
0.000000000 0.000000000 0.000000000 
0.000000453 -0.057682920 0.717383303 
0.000007197 -0.229094098 2.869808670 
0.000036002 -0.509320792 6.458102371 
0.000111863 -0.890175094 11.483641172 
0.000267073 -1.360193927 17.948351817 
0.000538523 -1.904639045 25.854710287 
0.000964227 -2.505497027 35.205740858 
0.001579078 -3.141479272 46.005014942 
0.002409834 -3.788022002 58.256649708 
0.003469327 -4.417286260 71.965306491 
0.004749908 -4.998157916 87.136188975 
0.006216110 -5.496247677 103.775041155 
0.007796554 -5.873891109 121.888145069 
0.009375063 -6.090148658 141.482318302 
0.010781026 -6.100805692 162.564911246 
0.011778975 -5.858372546 185.143804128 
0.012057396 -5.312084593 209.227403786 
0.011216772 -4.407902324 234.824640198 
0.008756842 -3.088511449 261.944962748 
0.004063107 -1.293323028 290.598336236 
123
0.000000000 0.000000000 0.000000000 
0.000000453 -0.057684346 1.443873153 
0.000007198 -0.229116922 5.775769666 
0.000036010 -0.509436336 12.996520492 
0.000111908 -0.890540269 23.107509849 
0.000267248 -1.361085469 36.110674177 
0.000539046 -1.906487747 52.008500664 
0.000965545 -2.508921976 70.804025353 
0.001582015 -3.147322087 92.500830826 
0.002415788 -3.797381063 117.103043460 
0.003480531 -4.431550949 144.615330255 
0.004769755 -5.019042849 175.042895232 
0.006249564 -5.525826941 208.391475394 
0.007850631 -5.914632490 244.667336250 
0.009459420 -6.144947879 283.877266899 
0.010908640 -6.173020638 326.028574663 
0.011966938 -5.951857498 371.129079273 
0.012327821 -5.431224450 419.187106600 
0.011597826 -4.557646827 470.211481919 
0.009283918 -3.274409400 524.211522708 
0.004780126 -1.521556503 581.197030981 
124
0.000000000 0.000000000 0.000000000 
0.000000453 -0.057686724 2.170363003 
0.000007199 -0.229154961 8.681730664 
0.000036023 -0.509628909 19.534938621 
0.000111985 -0.891148895 34.731378571 
0.000267540 -1.362571372 54.272996712 
0.000539917 -1.909568917 78.162291563 
0.000967742 -2.514630225 106.402311164 
0.001586910 -3.157060110 138.996649642 
0.002425711 -3.812979497 175.949443156 
0.003499203 -4.455325431 217.265365206 
0.004802835 -5.053851072 262.949621309 
0.006305319 -5.575125714 313.007943042 
0.007940759 -5.982534793 367.446581443 
0.009600014 -6.236279913 426.272299763 
0.011121331 -6.293378882 489.492365577 
0.012280209 -6.107665751 557.114542240 
0.012778528 -5.629790878 629.147079682 
0.012232916 -4.807220998 705.598704542 
0.010162377 -3.584239318 786.478609637 
0.005975158 -1.901945629 871.796442747 
125
0.000000000 0.000000000 0.000000000 
0.000000453 -0.057690052 2.896852854 
0.000007201 -0.229208215 11.587691662 
0.000036043 -0.509898511 26.073356762 
0.000112092 -0.892000971 46.355247362 
0.000267948 -1.364651637 72.435319509 
0.000541137 -1.913882555 104.316083245 
0.000970818 -2.522621774 142.000598949 
0.001593763 -3.170693343 185.492472858 
0.002439604 -3.834817306 234.795851773 
0.003525344 -4.488609705 289.915416944 
0.004849146 -5.102582585 350.856377127 
0.006383377 -5.644143997 417.624460826 
0.008066939 -6.077598016 490.225907686 
0.009796847 -6.364144761 568.667459072 
0.011419098 -6.461880424 652.956347796 
0.012718789 -6.325797306 743.100287010 
0.013409518 -5.907783877 839.107458243 
0.013122043 -5.156624837 940.986498596 
0.011392220 -4.018001203 1048.746487072 
0.007648202 -2.434490405 1162.396930043 
