      left      right     bottom        top 
1.00000000 1.00000000 1.00000000 1.00000000 

-1.0186E-1 1.07209E-1 7.47635E-4 1.72607E-3 
6.45418E-3 2.40941E-3 1.31428E-4 2.37469E-3 
-4.0055E-2 5.02374E-2 6.35116E-4 3.38943E-3 
-1.3506E-2 2.55963E-2 5.02467E-4 3.86099E-3 
-1.9753E-2 3.29211E-2 5.89364E-4 4.43040E-3 
-1.5762E-2 3.01510E-2 5.95762E-4 4.87461E-3 
-1.4145E-2 2.94587E-2 6.22327E-4 5.30114E-3 
-1.3831E-2 3.01060E-2 6.76717E-4 5.71704E-3 
-1.1999E-2 2.90960E-2 7.25202E-4 6.10313E-3 
-1.1800E-2 2.97173E-2 8.04754E-4 6.49353E-3 
-1.0608E-2 2.92620E-2 8.79419E-4 6.86010E-3 
-1.0252E-2 2.95979E-2 9.61757E-4 7.21495E-3 
-9.4862E-3 2.94920E-2 1.05632E-3 7.56638E-3 
-9.0588E-3 2.97133E-2 1.17059E-3 7.92245E-3 
-8.5012E-3 2.97814E-2 1.29646E-3 8.27698E-3 
-8.0826E-3 2.99702E-2 1.43465E-3 8.63149E-3 
-7.6346E-3 3.01151E-2 1.58528E-3 8.98721E-3 
-7.2410E-3 3.03114E-2 1.75281E-3 9.34934E-3 
-6.8512E-3 3.04978E-2 1.93042E-3 9.71181E-3 
-6.4995E-3 3.06949E-2 2.11013E-3 1.00672E-2 
-6.1669E-3 3.08843E-2 2.29109E-3 1.04153E-2 
-5.8679E-3 3.10669E-2 2.46551E-3 1.07488E-2 
-5.5949E-3 3.12372E-2 2.63336E-3 1.10681E-2 
-5.3543E-3 3.13920E-2 2.78890E-3 1.13678E-2 
-5.1467E-3 3.15258E-2 2.92827E-3 1.16445E-2 
-4.9739E-3 3.16365E-2 3.04851E-3 1.18957E-2 
-4.8284E-3 3.17295E-2 3.15530E-3 1.21272E-2 
-4.7107E-3 3.18034E-2 3.24688E-3 1.23376E-2 
-4.6183E-3 3.18594E-2 3.32427E-3 1.25283E-2 
-4.5487E-3 3.18989E-2 3.38866E-3 1.27008E-2 
-4.4981E-3 3.19252E-2 3.44290E-3 1.28580E-2 
-4.4654E-3 3.19383E-2 3.48680E-3 1.30001E-2 
-4.4457E-3 3.19427E-2 3.52443E-3 1.31315E-2 
-4.4381E-3 3.19387E-2 3.55578E-3 1.32522E-2 
-4.4381E-3 3.19302E-2 3.58443E-3 1.33662E-2 
-4.4440E-3 3.19184E-2 3.61133E-3 1.34746E-2 
-4.4544E-3 3.19044E-2 3.63724E-3 1.35783E-2 
-4.4674E-3 3.18897E-2 3.66340E-3 1.36788E-2 
-4.4834E-3 3.18736E-2 3.68881E-3 1.37752E-2 
-4.4991E-3 3.18593E-2 3.71642E-3 1.38707E-2 
-4.5165E-3 3.18442E-2 3.74356E-3 1.39627E-2 
-4.5355E-3 3.18284E-2 3.77017E-3 1.40515E-2 
-4.5546E-3 3.18133E-2 3.79735E-3 1.41382E-2 
-4.5746E-3 3.17978E-2 3.82395E-3 1.42218E-2 
-4.5975E-3 3.17798E-2 3.84781E-3 1.43003E-2 
-4.6213E-3 3.17611E-2 3.87067E-3 1.43756E-2 
-4.6463E-3 3.17416E-2 3.89212E-3 1.44475E-2 
-4.6738E-3 3.17196E-2 3.91075E-3 1.45145E-2 
-4.7024E-3 3.16967E-2 3.92783E-3 1.45782E-2 
-4.7328E-3 3.16719E-2 3.94250E-3 1.46377E-2 
-4.7647E-3 3.16457E-2 3.95504E-3 1.46935E-2 
-4.7982E-3 3.16178E-2 3.96537E-3 1.47456E-2 
-4.8323E-3 3.15891E-2 3.97426E-3 1.47948E-2 
-4.8674E-3 3.15595E-2 3.98150E-3 1.48410E-2 
-4.9053E-3 3.15269E-2 3.98517E-3 1.48823E-2 
-4.9426E-3 3.14947E-2 3.98858E-3 1.49222E-2 
-4.9810E-3 3.14614E-2 3.99016E-3 1.49592E-2 
-5.0201E-3 3.14272E-2 3.99022E-3 1.49936E-2 
-5.0589E-3 3.13931E-2 3.98977E-3 1.50264E-2 
-5.0986E-3 3.13580E-2 3.98773E-3 1.50568E-2 
-5.1384E-3 3.13226E-2 3.98471E-3 1.50852E-2 
-5.1787E-3 3.12866E-2 3.98046E-3 1.51116E-2 
-5.2187E-3 3.12507E-2 3.97573E-3 1.51367E-2 
-5.2570E-3 3.12163E-2 3.97194E-3 1.51620E-2 
-5.2934E-3 3.11838E-2 3.96939E-3 1.51877E-2 
-5.3288E-3 3.11519E-2 3.96704E-3 1.52130E-2 
-5.3626E-3 3.11216E-2 3.96560E-3 1.52386E-2 
-5.3947E-3 3.10928E-2 3.96521E-3 1.52645E-2 
-5.4252E-3 3.10654E-2 3.96571E-3 1.52907E-2 
-5.4542E-3 3.10394E-2 3.96706E-3 1.53172E-2 
-5.4823E-3 3.10141E-2 3.96873E-3 1.53435E-2 
-5.5090E-3 3.09901E-2 3.97111E-3 1.53699E-2 
-5.5345E-3 3.09671E-2 3.97407E-3 1.53964E-2 
-5.5579E-3 3.09461E-2 3.97861E-3 1.54240E-2 
-5.5790E-3 3.09272E-2 3.98485E-3 1.54528E-2 
-5.5988E-3 3.09095E-2 3.99185E-3 1.54819E-2 
-5.6169E-3 3.08932E-2 3.99992E-3 1.55116E-2 
-5.6346E-3 3.08773E-2 4.00793E-3 1.55409E-2 
-5.6517E-3 3.08618E-2 4.01603E-3 1.55699E-2 
-5.6681E-3 3.08469E-2 4.02437E-3 1.55986E-2 
-5.6833E-3 3.08330E-2 4.03341E-3 1.56278E-2 
-5.6977E-3 3.08199E-2 4.04280E-3 1.56569E-2 
-5.7115E-3 3.08071E-2 4.05225E-3 1.56857E-2 
-5.7243E-3 3.07953E-2 4.06241E-3 1.57148E-2 
-5.7367E-3 3.07837E-2 4.07241E-3 1.57435E-2 
-5.7490E-3 3.07721E-2 4.08223E-3 1.57717E-2 
-5.7600E-3 3.07617E-2 4.09289E-3 1.58003E-2 
-5.7703E-3 3.07518E-2 4.10380E-3 1.58290E-2 
-5.7798E-3 3.07427E-2 4.11525E-3 1.58579E-2 
-5.7883E-3 3.07344E-2 4.12728E-3 1.58870E-2 
-5.7967E-3 3.07261E-2 4.13906E-3 1.59157E-2 
-5.8046E-3 3.07182E-2 4.15104E-3 1.59443E-2 
-5.8115E-3 3.07111E-2 4.16360E-3 1.59732E-2 
-5.8181E-3 3.07043E-2 4.17623E-3 1.60019E-2 
-5.8243E-3 3.06978E-2 4.18892E-3 1.60304E-2 
-5.8297E-3 3.06920E-2 4.20211E-3 1.60592E-2 
-5.8352E-3 3.06860E-2 4.21496E-3 1.60874E-2 
-5.8403E-3 3.06804E-2 4.22794E-3 1.61155E-2 
-5.8443E-3 3.06756E-2 4.24166E-3 1.61441E-2 
-5.8492E-3 3.06699E-2 4.25428E-3 1.61714E-2 
-5.8536E-3 3.06647E-2 4.26713E-3 1.61987E-2 
-5.8572E-3 3.06601E-2 4.28053E-3 1.62264E-2 
-5.8606E-3 3.06556E-2 4.29390E-3 1.62538E-2 
-5.8635E-3 3.06517E-2 4.30759E-3 1.62813E-2 
-5.8661E-3 3.06478E-2 4.32128E-3 1.63087E-2 
-5.8685E-3 3.06442E-2 4.33508E-3 1.63360E-2 
-5.8704E-3 3.06409E-2 4.34906E-3 1.63632E-2 
-5.8720E-3 3.06379E-2 4.36325E-3 1.63906E-2 
-5.8731E-3 3.06353E-2 4.37762E-3 1.64178E-2 
-5.8746E-3 3.06322E-2 4.39152E-3 1.64445E-2 
-5.8753E-3 3.06299E-2 4.40603E-3 1.64716E-2 
-5.8757E-3 3.06278E-2 4.42061E-3 1.64986E-2 
-5.8759E-3 3.06259E-2 4.43533E-3 1.65256E-2 
-5.8757E-3 3.06242E-2 4.45025E-3 1.65526E-2 
-5.8750E-3 3.06231E-2 4.46554E-3 1.65799E-2 
-5.8740E-3 3.06222E-2 4.48102E-3 1.66072E-2 
-5.8724E-3 3.06218E-2 4.49692E-3 1.66347E-2 
-5.8705E-3 3.06216E-2 4.51295E-3 1.66623E-2 
-5.8680E-3 3.06220E-2 4.52954E-3 1.66902E-2 
-5.8650E-3 3.06229E-2 4.54653E-3 1.67185E-2 
-5.8616E-3 3.06241E-2 4.56377E-3 1.67468E-2 
-5.8576E-3 3.06258E-2 4.58152E-3 1.67755E-2 
-5.8531E-3 3.06281E-2 4.59974E-3 1.68046E-2 
-5.8482E-3 3.06306E-2 4.61815E-3 1.68337E-2 
-5.8433E-3 3.06332E-2 4.63660E-3 1.68628E-2 
-5.8377E-3 3.06363E-2 4.65561E-3 1.68922E-2 
-5.8319E-3 3.06397E-2 4.67476E-3 1.69217E-2 
-5.8256E-3 3.06434E-2 4.69427E-3 1.69515E-2 
-5.8185E-3 3.06481E-2 4.71466E-3 1.69820E-2 
-5.8110E-3 3.06530E-2 4.73529E-3 1.70126E-2 
-5.8027E-3 3.06586E-2 4.75665E-3 1.70439E-2 
-5.7941E-3 3.06647E-2 4.77835E-3 1.70754E-2 
-5.7859E-3 3.06701E-2 4.79952E-3 1.71062E-2 
-5.7775E-3 3.06758E-2 4.82083E-3 1.71371E-2 
-5.7685E-3 3.06821E-2 4.84274E-3 1.71685E-2 
-5.7590E-3 3.06889E-2 4.86517E-3 1.72003E-2 
-5.7493E-3 3.06957E-2 4.88762E-3 1.72320E-2 
-5.7393E-3 3.07029E-2 4.91045E-3 1.72641E-2 
-5.7290E-3 3.07103E-2 4.93353E-3 1.72962E-2 
-5.7185E-3 3.07180E-2 4.95679E-3 1.73285E-2 
-5.7071E-3 3.07265E-2 4.98090E-3 1.73616E-2 
-5.6950E-3 3.07357E-2 5.00569E-3 1.73952E-2 
-5.6825E-3 3.07452E-2 5.03082E-3 1.74291E-2 
-5.6695E-3 3.07552E-2 5.05647E-3 1.74634E-2 
-5.6561E-3 3.07656E-2 5.08254E-3 1.74980E-2 
-5.6418E-3 3.07769E-2 5.10943E-3 1.75334E-2 
-5.6268E-3 3.07889E-2 5.13703E-3 1.75695E-2 
-5.6109E-3 3.08018E-2 5.16557E-3 1.76064E-2 
-5.5947E-3 3.08149E-2 5.19436E-3 1.76434E-2 
-5.5783E-3 3.08282E-2 5.22335E-3 1.76806E-2 
-5.5615E-3 3.08419E-2 5.25269E-3 1.77181E-2 
-5.5439E-3 3.08564E-2 5.28282E-3 1.77563E-2 
-5.5259E-3 3.08713E-2 5.31343E-3 1.77949E-2 
-5.5073E-3 3.08867E-2 5.34451E-3 1.78339E-2 
-5.4884E-3 3.09025E-2 5.37593E-3 1.78732E-2 
-5.4689E-3 3.09188E-2 5.40795E-3 1.79131E-2 
-5.4490E-3 3.09356E-2 5.44039E-3 1.79532E-2 
-5.4284E-3 3.09530E-2 5.47353E-3 1.79941E-2 
-5.4073E-3 3.09709E-2 5.50715E-3 1.80353E-2 
-5.3856E-3 3.09894E-2 5.54131E-3 1.80770E-2 
-5.3637E-3 3.10081E-2 5.57572E-3 1.81189E-2 
-5.3413E-3 3.10273E-2 5.61069E-3 1.81614E-2 
-5.3181E-3 3.10472E-2 5.64631E-3 1.82044E-2 
-5.2944E-3 3.10677E-2 5.68251E-3 1.82479E-2 
-5.2699E-3 3.10890E-2 5.71953E-3 1.82922E-2 
-5.2450E-3 3.11107E-2 5.75693E-3 1.83369E-2 
-5.2194E-3 3.11330E-2 5.79498E-3 1.83821E-2 
-5.1937E-3 3.11554E-2 5.83315E-3 1.84274E-2 
-5.1675E-3 3.11783E-2 5.87178E-3 1.84731E-2 
-5.1413E-3 3.12014E-2 5.91054E-3 1.85189E-2 
-5.1144E-3 3.12249E-2 5.94982E-3 1.85652E-2 
-5.0871E-3 3.12490E-2 5.98966E-3 1.86120E-2 
-5.0590E-3 3.12738E-2 6.03016E-3 1.86594E-2 
-5.0305E-3 3.12991E-2 6.07116E-3 1.87072E-2 
-5.0016E-3 3.13248E-2 6.11256E-3 1.87555E-2 
-4.9723E-3 3.13508E-2 6.15428E-3 1.88040E-2 
-4.9426E-3 3.13773E-2 6.19646E-3 1.88529E-2 
-4.9121E-3 3.14044E-2 6.23934E-3 1.89024E-2 
-4.8816E-3 3.14318E-2 6.28236E-3 1.89521E-2 
-4.8505E-3 3.14596E-2 6.32593E-3 1.90023E-2 
-4.8188E-3 3.14880E-2 6.37000E-3 1.90529E-2 
-4.7866E-3 3.15170E-2 6.41463E-3 1.91041E-2 
-4.7541E-3 3.15463E-2 6.45963E-3 1.91556E-2 
-4.7211E-3 3.15761E-2 6.50510E-3 1.92076E-2 
-4.6876E-3 3.16063E-2 6.55098E-3 1.92599E-2 
-4.6538E-3 3.16369E-2 6.59723E-3 1.93125E-2 
-4.6197E-3 3.16679E-2 6.64384E-3 1.93655E-2 
-4.5854E-3 3.16990E-2 6.69059E-3 1.94186E-2 
-4.5507E-3 3.17305E-2 6.73773E-3 1.94720E-2 
-4.5158E-3 3.17622E-2 6.78507E-3 1.95256E-2 
-4.4806E-3 3.17943E-2 6.83277E-3 1.95795E-2 
-4.4450E-3 3.18268E-2 6.88080E-3 1.96337E-2 
-4.4092E-3 3.18595E-2 6.92906E-3 1.96882E-2 
-4.3730E-3 3.18925E-2 6.97768E-3 1.97429E-2 
-4.3366E-3 3.19259E-2 7.02661E-3 1.97980E-2 
-4.2998E-3 3.19595E-2 7.07584E-3 1.98533E-2 
-4.2626E-3 3.19936E-2 7.12548E-3 1.99090E-2 
-4.2253E-3 3.20279E-2 7.17532E-3 1.99648E-2 
-4.1877E-3 3.20625E-2 7.22538E-3 2.00209E-2 
-4.1498E-3 3.20974E-2 7.27575E-3 2.00772E-2 
-4.1116E-3 3.21326E-2 7.32647E-3 2.01338E-2 
-4.0731E-3 3.21681E-2 7.37750E-3 2.01908E-2 
-4.0344E-3 3.22039E-2 7.42874E-3 2.02479E-2 
-3.9955E-3 3.22399E-2 7.48020E-3 2.03052E-2 
-3.9564E-3 3.22760E-2 7.53176E-3 2.03626E-2 
-3.9171E-3 3.23125E-2 7.58366E-3 2.04203E-2 
-3.8775E-3 3.23492E-2 7.63580E-3 2.04782E-2 
-3.8378E-3 3.23861E-2 7.68807E-3 2.05362E-2 
-3.7979E-3 3.24232E-2 7.74054E-3 2.05944E-2 
-3.7579E-3 3.24604E-2 7.79316E-3 2.06527E-2 
-3.7175E-3 3.24980E-2 7.84610E-3 2.07113E-2 
-3.6771E-3 3.25357E-2 7.89912E-3 2.07699E-2 
-3.6365E-3 3.25736E-2 7.95240E-3 2.08288E-2 
-3.5957E-3 3.26117E-2 8.00575E-3 2.08877E-2 
-3.5548E-3 3.26499E-2 8.05932E-3 2.09469E-2 
-3.5137E-3 3.26885E-2 8.11312E-3 2.10062E-2 
-3.4724E-3 3.27272E-2 8.16710E-3 2.10656E-2 
-3.4309E-3 3.27661E-2 8.22129E-3 2.11253E-2 
-3.3895E-3 3.28050E-2 8.27543E-3 2.11849E-2 
-3.3479E-3 3.28441E-2 8.32978E-3 2.12446E-2 
-3.3061E-3 3.28835E-2 8.38431E-3 2.13045E-2 
-3.2643E-3 3.29228E-2 8.43885E-3 2.13644E-2 
-3.2223E-3 3.29624E-2 8.49356E-3 2.14245E-2 
-3.1802E-3 3.30021E-2 8.54847E-3 2.14847E-2 
-3.1382E-3 3.30418E-2 8.60334E-3 2.15448E-2 
-3.0963E-3 3.30814E-2 8.65800E-3 2.16047E-2 
-3.0544E-3 3.31211E-2 8.71281E-3 2.16647E-2 
-3.0124E-3 3.31608E-2 8.76762E-3 2.17247E-2 
-2.9704E-3 3.32007E-2 8.82253E-3 2.17847E-2 
-2.9283E-3 3.32406E-2 8.87751E-3 2.18448E-2 
-2.8863E-3 3.32805E-2 8.93247E-3 2.19048E-2 
-2.8442E-3 3.33205E-2 8.98747E-3 2.19648E-2 
-2.8021E-3 3.33606E-2 9.04251E-3 2.20249E-2 
-2.7600E-3 3.34007E-2 9.09762E-3 2.20850E-2 
-2.7177E-3 3.34410E-2 9.15288E-3 2.21451E-2 
-2.6754E-3 3.34814E-2 9.20816E-3 2.22053E-2 
-2.6330E-3 3.35219E-2 9.26357E-3 2.22656E-2 
-2.5905E-3 3.35625E-2 9.31911E-3 2.23259E-2 
-2.5481E-3 3.36032E-2 9.37460E-3 2.23862E-2 
-2.5057E-3 3.36438E-2 9.43009E-3 2.24464E-2 
-2.4635E-3 3.36843E-2 9.48541E-3 2.25065E-2 
-2.4210E-3 3.37251E-2 9.54094E-3 2.25667E-2 
-2.3788E-3 3.37657E-2 9.59631E-3 2.26267E-2 
-2.3367E-3 3.38062E-2 9.65158E-3 2.26865E-2 
-2.2946E-3 3.38467E-2 9.70683E-3 2.27463E-2 
-2.2525E-3 3.38873E-2 9.76211E-3 2.28061E-2 
-2.2105E-3 3.39278E-2 9.81732E-3 2.28658E-2 
-2.1684E-3 3.39685E-2 9.87261E-3 2.29255E-2 
-2.1263E-3 3.40091E-2 9.92789E-3 2.29851E-2 
-2.0844E-3 3.40497E-2 9.98306E-3 2.30446E-2 
-2.0424E-3 3.40903E-2 1.00382E-2 2.31041E-2 
-2.0004E-3 3.41311E-2 1.00934E-2 2.31636E-2 
-1.9585E-3 3.41718E-2 1.01487E-2 2.32230E-2 
-1.9166E-3 3.42125E-2 1.02039E-2 2.32823E-2 
-1.8746E-3 3.42533E-2 1.02591E-2 2.33417E-2 
-1.8326E-3 3.42942E-2 1.03145E-2 2.34011E-2 
-1.7907E-3 3.43350E-2 1.03697E-2 2.34603E-2 
-1.7489E-3 3.43757E-2 1.04247E-2 2.35193E-2 
-1.7072E-3 3.44164E-2 1.04798E-2 2.35782E-2 
-1.6656E-3 3.44571E-2 1.05348E-2 2.36371E-2 
-1.6240E-3 3.44978E-2 1.05897E-2 2.36958E-2 
-1.5825E-3 3.45384E-2 1.06445E-2 2.37544E-2 
-1.5412E-3 3.45789E-2 1.06992E-2 2.38128E-2 
-1.4998E-3 3.46195E-2 1.07539E-2 2.38712E-2 
-1.4586E-3 3.46599E-2 1.08085E-2 2.39294E-2 
-1.4174E-3 3.47004E-2 1.08630E-2 2.39875E-2 
-1.3763E-3 3.47408E-2 1.09175E-2 2.40454E-2 
-1.3353E-3 3.47812E-2 1.09719E-2 2.41033E-2 
-1.2944E-3 3.48215E-2 1.10262E-2 2.41610E-2 
-1.2535E-3 3.48618E-2 1.10804E-2 2.42185E-2 
-1.2128E-3 3.49020E-2 1.11344E-2 2.42759E-2 
-1.1722E-3 3.49421E-2 1.11884E-2 2.43331E-2 
-1.1318E-3 3.49821E-2 1.12422E-2 2.43901E-2 
-1.0916E-3 3.50219E-2 1.12957E-2 2.44468E-2 
-1.0514E-3 3.50617E-2 1.13492E-2 2.45033E-2 
-1.0114E-3 3.51014E-2 1.14025E-2 2.45597E-2 
-9.7145E-4 3.51411E-2 1.14559E-2 2.46161E-2 
-9.3154E-4 3.51807E-2 1.15091E-2 2.46722E-2 
-8.9170E-4 3.52203E-2 1.15622E-2 2.47282E-2 
-8.5200E-4 3.52598E-2 1.16152E-2 2.47840E-2 
-8.1240E-4 3.52993E-2 1.16681E-2 2.48397E-2 
-7.7291E-4 3.53386E-2 1.17208E-2 2.48952E-2 
-7.3349E-4 3.53780E-2 1.17735E-2 2.49505E-2 
-6.9416E-4 3.54172E-2 1.18261E-2 2.50057E-2 
-6.5500E-4 3.54564E-2 1.18784E-2 2.50606E-2 
-6.1584E-4 3.54955E-2 1.19308E-2 2.51155E-2 
-5.7707E-4 3.55344E-2 1.19827E-2 2.51699E-2 
-5.3845E-4 3.55730E-2 1.20345E-2 2.52241E-2 
-4.9996E-4 3.56116E-2 1.20861E-2 2.52781E-2 
-4.6165E-4 3.56501E-2 1.21375E-2 2.53318E-2 
-4.2345E-4 3.56885E-2 1.21888E-2 2.53853E-2 
-3.8550E-4 3.57266E-2 1.22398E-2 2.54385E-2 
-3.4770E-4 3.57646E-2 1.22906E-2 2.54915E-2 
-3.1005E-4 3.58025E-2 1.23413E-2 2.55443E-2 
-2.7248E-4 3.58404E-2 1.23918E-2 2.55969E-2 
-2.3504E-4 3.58782E-2 1.24422E-2 2.56492E-2 
-1.9771E-4 3.59158E-2 1.24924E-2 2.57014E-2 
-1.6051E-4 3.59534E-2 1.25425E-2 2.57534E-2 
-1.2350E-4 3.59908E-2 1.25923E-2 2.58051E-2 
-8.6641E-5 3.60281E-2 1.26420E-2 2.58566E-2 
-4.9951E-5 3.60652E-2 1.26914E-2 2.59078E-2 
-1.3468E-5 3.61022E-2 1.27407E-2 2.59588E-2 
2.28750E-5 3.61391E-2 1.27897E-2 2.60095E-2 
5.90580E-5 3.61758E-2 1.28385E-2 2.60600E-2 
9.51358E-5 3.62124E-2 1.28872E-2 2.61102E-2 
1.31026E-4 3.62489E-2 1.29357E-2 2.61602E-2 
1.66615E-4 3.62851E-2 1.29838E-2 2.62098E-2 
2.02135E-4 3.63212E-2 1.30318E-2 2.62593E-2 
2.37462E-4 3.63572E-2 1.30796E-2 2.63085E-2 
2.72556E-4 3.63930E-2 1.31271E-2 2.63573E-2 
3.07494E-4 3.64286E-2 1.31743E-2 2.64059E-2 
3.42268E-4 3.64641E-2 1.32214E-2 2.64543E-2 
3.76871E-4 3.64994E-2 1.32683E-2 2.65024E-2 
4.11282E-4 3.65346E-2 1.33149E-2 2.65502E-2 
4.45490E-4 3.65696E-2 1.33613E-2 2.65977E-2 
4.79552E-4 3.66044E-2 1.34074E-2 2.66450E-2 
5.13478E-4 3.66392E-2 1.34534E-2 2.66921E-2 
5.47306E-4 3.66738E-2 1.34992E-2 2.67389E-2 
5.81099E-4 3.67085E-2 1.35450E-2 2.67857E-2 
6.14739E-4 3.67430E-2 1.35905E-2 2.68322E-2 
6.48121E-4 3.67772E-2 1.36357E-2 2.68783E-2 
6.81363E-4 3.68114E-2 1.36807E-2 2.69242E-2 
7.14446E-4 3.68454E-2 1.37255E-2 2.69699E-2 
7.47280E-4 3.68791E-2 1.37700E-2 2.70152E-2 
7.79931E-4 3.69127E-2 1.38143E-2 2.70602E-2 
8.12321E-4 3.69461E-2 1.38583E-2 2.71049E-2 
8.44510E-4 3.69792E-2 1.39019E-2 2.71493E-2 
8.76511E-4 3.70122E-2 1.39454E-2 2.71934E-2 
9.08375E-4 3.70451E-2 1.39886E-2 2.72373E-2 
9.40086E-4 3.70778E-2 1.40316E-2 2.72810E-2 
9.71596E-4 3.71103E-2 1.40744E-2 2.73243E-2 
1.00299E-3 3.71428E-2 1.41170E-2 2.73675E-2 
1.03426E-3 3.71751E-2 1.41593E-2 2.74104E-2 
1.06534E-3 3.72072E-2 1.42015E-2 2.74530E-2 
1.09622E-3 3.72392E-2 1.42434E-2 2.74954E-2 
1.12694E-3 3.72710E-2 1.42850E-2 2.75375E-2 
1.15747E-3 3.73026E-2 1.43264E-2 2.75793E-2 
1.18779E-3 3.73340E-2 1.43675E-2 2.76208E-2 
1.21795E-3 3.73653E-2 1.44084E-2 2.76620E-2 
1.24795E-3 3.73964E-2 1.44491E-2 2.77030E-2 
1.27776E-3 3.74273E-2 1.44895E-2 2.77438E-2 
1.30751E-3 3.74582E-2 1.45298E-2 2.77843E-2 
1.33709E-3 3.74889E-2 1.45698E-2 2.78246E-2 
1.36646E-3 3.75194E-2 1.46096E-2 2.78646E-2 
1.39565E-3 3.75497E-2 1.46491E-2 2.79044E-2 
1.42460E-3 3.75798E-2 1.46883E-2 2.79438E-2 
1.45345E-3 3.76098E-2 1.47273E-2 2.79830E-2 
1.48220E-3 3.76397E-2 1.47662E-2 2.80220E-2 
1.51072E-3 3.76694E-2 1.48047E-2 2.80607E-2 
1.53912E-3 3.76989E-2 1.48431E-2 2.80992E-2 
1.56735E-3 3.77283E-2 1.48812E-2 2.81374E-2 
1.59538E-3 3.77575E-2 1.49191E-2 2.81754E-2 
1.62322E-3 3.77865E-2 1.49567E-2 2.82130E-2 
1.65084E-3 3.78153E-2 1.49940E-2 2.82504E-2 
1.67831E-3 3.78440E-2 1.50311E-2 2.82875E-2 
1.70557E-3 3.78724E-2 1.50679E-2 2.83243E-2 
1.73266E-3 3.79006E-2 1.51045E-2 2.83609E-2 
1.75958E-3 3.79287E-2 1.51408E-2 2.83972E-2 
1.78635E-3 3.79567E-2 1.51769E-2 2.84332E-2 
1.81293E-3 3.79844E-2 1.52128E-2 2.84690E-2 
1.83929E-3 3.80120E-2 1.52483E-2 2.85045E-2 
1.86550E-3 3.80393E-2 1.52837E-2 2.85397E-2 
1.89152E-3 3.80665E-2 1.53187E-2 2.85747E-2 
1.91734E-3 3.80935E-2 1.53535E-2 2.86094E-2 
1.94307E-3 3.81204E-2 1.53881E-2 2.86439E-2 
1.96860E-3 3.81471E-2 1.54225E-2 2.86781E-2 
1.99398E-3 3.81736E-2 1.54567E-2 2.87121E-2 
2.01919E-3 3.82000E-2 1.54905E-2 2.87458E-2 
2.04426E-3 3.82262E-2 1.55242E-2 2.87794E-2 
2.06914E-3 3.82522E-2 1.55577E-2 2.88126E-2 
2.09388E-3 3.82781E-2 1.55909E-2 2.88456E-2 
2.11853E-3 3.83039E-2 1.56239E-2 2.88785E-2 
2.14304E-3 3.83295E-2 1.56568E-2 2.89111E-2 
2.16739E-3 3.83550E-2 1.56894E-2 2.89435E-2 
2.19165E-3 3.83804E-2 1.57218E-2 2.89757E-2 
2.21572E-3 3.84056E-2 1.57540E-2 2.90076E-2 
2.23958E-3 3.84305E-2 1.57859E-2 2.90393E-2 
2.26324E-3 3.84553E-2 1.58175E-2 2.90707E-2 
2.28674E-3 3.84799E-2 1.58489E-2 2.91018E-2 
2.31010E-3 3.85044E-2 1.58801E-2 2.91328E-2 
2.33336E-3 3.85287E-2 1.59111E-2 2.91635E-2 
2.35644E-3 3.85529E-2 1.59419E-2 2.91940E-2 
2.37937E-3 3.85769E-2 1.59725E-2 2.92243E-2 
2.40219E-3 3.86008E-2 1.60028E-2 2.92543E-2 
2.42494E-3 3.86246E-2 1.60331E-2 2.92843E-2 
2.44750E-3 3.86482E-2 1.60631E-2 2.93139E-2 
2.46990E-3 3.86716E-2 1.60928E-2 2.93434E-2 
2.49219E-3 3.86950E-2 1.61224E-2 2.93726E-2 
2.51431E-3 3.87181E-2 1.61517E-2 2.94016E-2 
2.53630E-3 3.87411E-2 1.61808E-2 2.94305E-2 
2.55812E-3 3.87640E-2 1.62097E-2 2.94590E-2 
2.57978E-3 3.87866E-2 1.62384E-2 2.94874E-2 
2.60128E-3 3.88091E-2 1.62668E-2 2.95155E-2 
2.62262E-3 3.88315E-2 1.62950E-2 2.95433E-2 
2.64381E-3 3.88536E-2 1.63230E-2 2.95710E-2 
2.66484E-3 3.88756E-2 1.63508E-2 2.95984E-2 
2.68573E-3 3.88975E-2 1.63784E-2 2.96256E-2 
2.70647E-3 3.89192E-2 1.64057E-2 2.96526E-2 
2.72707E-3 3.89407E-2 1.64329E-2 2.96794E-2 
2.74757E-3 3.89622E-2 1.64598E-2 2.97061E-2 
2.76794E-3 3.89835E-2 1.64866E-2 2.97325E-2 
2.78818E-3 3.90046E-2 1.65132E-2 2.97587E-2 
2.80831E-3 3.90257E-2 1.65396E-2 2.97848E-2 
2.82829E-3 3.90465E-2 1.65658E-2 2.98106E-2 
2.84811E-3 3.90673E-2 1.65918E-2 2.98363E-2 
2.86782E-3 3.90879E-2 1.66176E-2 2.98617E-2 
2.88740E-3 3.91083E-2 1.66432E-2 2.98870E-2 
2.90684E-3 3.91286E-2 1.66687E-2 2.99120E-2 
2.92614E-3 3.91488E-2 1.66939E-2 2.99369E-2 
2.94532E-3 3.91688E-2 1.67189E-2 2.99615E-2 
2.96437E-3 3.91887E-2 1.67438E-2 2.99860E-2 
2.98329E-3 3.92084E-2 1.67684E-2 3.00103E-2 
3.00204E-3 3.92280E-2 1.67928E-2 3.00344E-2 
3.02068E-3 3.92475E-2 1.68171E-2 3.00583E-2 
3.03916E-3 3.92667E-2 1.68411E-2 3.00819E-2 
3.05748E-3 3.92859E-2 1.68649E-2 3.01054E-2 
3.07571E-3 3.93049E-2 1.68886E-2 3.01287E-2 
3.09379E-3 3.93237E-2 1.69121E-2 3.01518E-2 
3.11174E-3 3.93425E-2 1.69353E-2 3.01747E-2 
3.12957E-3 3.93610E-2 1.69584E-2 3.01975E-2 
3.14726E-3 3.93795E-2 1.69813E-2 3.02200E-2 
3.16481E-3 3.93978E-2 1.70041E-2 3.02424E-2 
3.18226E-3 3.94159E-2 1.70266E-2 3.02645E-2 
3.19958E-3 3.94340E-2 1.70490E-2 3.02866E-2 
3.21680E-3 3.94519E-2 1.70712E-2 3.03084E-2 
3.23388E-3 3.94697E-2 1.70932E-2 3.03301E-2 
3.25084E-3 3.94873E-2 1.71150E-2 3.03516E-2 
3.26768E-3 3.95049E-2 1.71367E-2 3.03729E-2 
3.28439E-3 3.95222E-2 1.71582E-2 3.03940E-2 
3.30096E-3 3.95395E-2 1.71795E-2 3.04150E-2 
3.31738E-3 3.95565E-2 1.72006E-2 3.04357E-2 
3.33367E-3 3.95735E-2 1.72215E-2 3.04563E-2 
3.34984E-3 3.95903E-2 1.72422E-2 3.04767E-2 
3.36590E-3 3.96070E-2 1.72628E-2 3.04969E-2 
3.38185E-3 3.96235E-2 1.72832E-2 3.05170E-2 
3.39765E-3 3.96400E-2 1.73034E-2 3.05369E-2 
3.41333E-3 3.96562E-2 1.73235E-2 3.05566E-2 
3.42888E-3 3.96724E-2 1.73434E-2 3.05762E-2 
3.44431E-3 3.96884E-2 1.73631E-2 3.05955E-2 
3.45962E-3 3.97043E-2 1.73826E-2 3.06147E-2 
3.47482E-3 3.97200E-2 1.74020E-2 3.06338E-2 
3.48989E-3 3.97357E-2 1.74212E-2 3.06527E-2 
3.50486E-3 3.97512E-2 1.74402E-2 3.06714E-2 
3.51973E-3 3.97666E-2 1.74591E-2 3.06900E-2 
3.53448E-3 3.97819E-2 1.74779E-2 3.07084E-2 
3.54912E-3 3.97970E-2 1.74964E-2 3.07267E-2 
3.56364E-3 3.98121E-2 1.75149E-2 3.07448E-2 
3.57805E-3 3.98270E-2 1.75331E-2 3.07628E-2 
3.59234E-3 3.98418E-2 1.75512E-2 3.07806E-2 
3.60652E-3 3.98565E-2 1.75692E-2 3.07982E-2 
3.62059E-3 3.98710E-2 1.75870E-2 3.08157E-2 
3.63456E-3 3.98855E-2 1.76046E-2 3.08331E-2 
3.64842E-3 3.98998E-2 1.76221E-2 3.08503E-2 
3.66217E-3 3.99140E-2 1.76394E-2 3.08673E-2 
3.67578E-3 3.99281E-2 1.76566E-2 3.08842E-2 
3.68927E-3 3.99420E-2 1.76736E-2 3.09009E-2 
3.70264E-3 3.99558E-2 1.76904E-2 3.09175E-2 
3.71591E-3 3.99695E-2 1.77071E-2 3.09339E-2 
3.72909E-3 3.99831E-2 1.77237E-2 3.09502E-2 
3.74217E-3 3.99966E-2 1.77401E-2 3.09664E-2 
3.75515E-3 4.00100E-2 1.77564E-2 3.09824E-2 
3.76803E-3 4.00233E-2 1.77726E-2 3.09983E-2 
3.78082E-3 4.00365E-2 1.77886E-2 3.10140E-2 
3.79350E-3 4.00496E-2 1.78045E-2 3.10297E-2 
3.80609E-3 4.00625E-2 1.78202E-2 3.10451E-2 
3.81857E-3 4.00754E-2 1.78358E-2 3.10605E-2 
3.83094E-3 4.00881E-2 1.78513E-2 3.10757E-2 
3.84322E-3 4.01008E-2 1.78666E-2 3.10908E-2 
3.85537E-3 4.01133E-2 1.78817E-2 3.11057E-2 
3.86743E-3 4.01257E-2 1.78968E-2 3.11205E-2 
3.87938E-3 4.01380E-2 1.79117E-2 3.11351E-2 
3.89123E-3 4.01502E-2 1.79264E-2 3.11496E-2 
3.90297E-3 4.01622E-2 1.79410E-2 3.11640E-2 
3.91462E-3 4.01742E-2 1.79555E-2 3.11783E-2 
3.92617E-3 4.01861E-2 1.79698E-2 3.11924E-2 
3.93765E-3 4.01979E-2 1.79841E-2 3.12064E-2 
3.94903E-3 4.02095E-2 1.79982E-2 3.12203E-2 
3.96031E-3 4.02211E-2 1.80122E-2 3.12341E-2 
3.97151E-3 4.02326E-2 1.80260E-2 3.12477E-2 
3.98261E-3 4.02440E-2 1.80398E-2 3.12613E-2 
3.99362E-3 4.02553E-2 1.80534E-2 3.12747E-2 
4.00453E-3 4.02665E-2 1.80669E-2 3.12880E-2 
4.01535E-3 4.02776E-2 1.80802E-2 3.13011E-2 
4.02608E-3 4.02886E-2 1.80935E-2 3.13142E-2 
4.03673E-3 4.02995E-2 1.81066E-2 3.13271E-2 
4.04728E-3 4.03103E-2 1.81196E-2 3.13399E-2 
4.05776E-3 4.03210E-2 1.81325E-2 3.13526E-2 
4.06813E-3 4.03316E-2 1.81452E-2 3.13652E-2 
4.07842E-3 4.03422E-2 1.81579E-2 3.13777E-2 
4.08862E-3 4.03526E-2 1.81704E-2 3.13900E-2 
4.09873E-3 4.03629E-2 1.81828E-2 3.14023E-2 
4.10876E-3 4.03732E-2 1.81951E-2 3.14144E-2 
4.11871E-3 4.03834E-2 1.82073E-2 3.14264E-2 
4.12856E-3 4.03934E-2 1.82194E-2 3.14383E-2 
4.13833E-3 4.04034E-2 1.82313E-2 3.14501E-2 
4.14800E-3 4.04133E-2 1.82432E-2 3.14618E-2 
4.15761E-3 4.04231E-2 1.82549E-2 3.14734E-2 
4.16713E-3 4.04328E-2 1.82665E-2 3.14849E-2 
4.17657E-3 4.04425E-2 1.82781E-2 3.14963E-2 
4.18593E-3 4.04520E-2 1.82895E-2 3.15075E-2 
4.19522E-3 4.04615E-2 1.83008E-2 3.15187E-2 
4.20443E-3 4.04709E-2 1.83120E-2 3.15298E-2 
4.21355E-3 4.04802E-2 1.83231E-2 3.15408E-2 
4.22259E-3 4.04894E-2 1.83341E-2 3.15516E-2 
4.23156E-3 4.04985E-2 1.83450E-2 3.15624E-2 
4.24045E-3 4.05076E-2 1.83558E-2 3.15731E-2 
4.24926E-3 4.05165E-2 1.83665E-2 3.15837E-2 
4.25800E-3 4.05254E-2 1.83772E-2 3.15942E-2 
4.26666E-3 4.05342E-2 1.83877E-2 3.16045E-2 
4.27524E-3 4.05430E-2 1.83981E-2 3.16148E-2 
4.28376E-3 4.05516E-2 1.84084E-2 3.16250E-2 
4.29221E-3 4.05602E-2 1.84186E-2 3.16352E-2 
4.30058E-3 4.05687E-2 1.84287E-2 3.16452E-2 
4.30888E-3 4.05772E-2 1.84388E-2 3.16551E-2 
4.31712E-3 4.05855E-2 1.84487E-2 3.16649E-2 
4.32528E-3 4.05938E-2 1.84586E-2 3.16747E-2 
4.33337E-3 4.06020E-2 1.84683E-2 3.16844E-2 
4.34140E-3 4.06102E-2 1.84780E-2 3.16940E-2 
4.34936E-3 4.06183E-2 1.84876E-2 3.17035E-2 
4.35726E-3 4.06263E-2 1.84971E-2 3.17129E-2 
4.36509E-3 4.06342E-2 1.85065E-2 3.17222E-2 
4.37285E-3 4.06421E-2 1.85158E-2 3.17315E-2 
4.38054E-3 4.06499E-2 1.85251E-2 3.17406E-2 
4.38817E-3 4.06576E-2 1.85342E-2 3.17497E-2 
4.39573E-3 4.06653E-2 1.85433E-2 3.17587E-2 
4.40322E-3 4.06728E-2 1.85523E-2 3.17676E-2 
4.41064E-3 4.06804E-2 1.85612E-2 3.17764E-2 
4.41801E-3 4.06878E-2 1.85700E-2 3.17852E-2 
4.42531E-3 4.06952E-2 1.85787E-2 3.17939E-2 
4.43254E-3 4.07025E-2 1.85874E-2 3.18024E-2 
4.43972E-3 4.07098E-2 1.85960E-2 3.18110E-2 
4.44683E-3 4.07170E-2 1.86045E-2 3.18194E-2 
4.45388E-3 4.07241E-2 1.86129E-2 3.18278E-2 
4.46087E-3 4.07312E-2 1.86212E-2 3.18361E-2 
4.46780E-3 4.07382E-2 1.86295E-2 3.18443E-2 
4.47465E-3 4.07451E-2 1.86377E-2 3.18524E-2 
4.48145E-3 4.07519E-2 1.86458E-2 3.18604E-2 
4.48819E-3 4.07587E-2 1.86538E-2 3.18684E-2 
4.49488E-3 4.07655E-2 1.86618E-2 3.18763E-2 
4.50152E-3 4.07722E-2 1.86697E-2 3.18842E-2 
4.50809E-3 4.07788E-2 1.86775E-2 3.18920E-2 
4.51461E-3 4.07854E-2 1.86852E-2 3.18997E-2 
4.52108E-3 4.07919E-2 1.86929E-2 3.19073E-2 
4.52748E-3 4.07984E-2 1.87005E-2 3.19149E-2 
4.53383E-3 4.08048E-2 1.87080E-2 3.19224E-2 
4.54014E-3 4.08111E-2 1.87155E-2 3.19298E-2 
4.54639E-3 4.08174E-2 1.87229E-2 3.19372E-2 
4.55258E-3 4.08237E-2 1.87303E-2 3.19445E-2 
4.55873E-3 4.08299E-2 1.87375E-2 3.19518E-2 
4.56482E-3 4.08360E-2 1.87447E-2 3.19589E-2 
4.57085E-3 4.08421E-2 1.87519E-2 3.19661E-2 
4.57684E-3 4.08481E-2 1.87589E-2 3.19731E-2 
4.58277E-3 4.08541E-2 1.87659E-2 3.19801E-2 
4.58865E-3 4.08600E-2 1.87729E-2 3.19870E-2 
4.59448E-3 4.08658E-2 1.87797E-2 3.19939E-2 
4.60026E-3 4.08716E-2 1.87866E-2 3.20007E-2 
4.60598E-3 4.08774E-2 1.87933E-2 3.20074E-2 
4.61166E-3 4.08831E-2 1.88000E-2 3.20141E-2 
4.61729E-3 4.08888E-2 1.88066E-2 3.20207E-2 
4.62287E-3 4.08944E-2 1.88132E-2 3.20272E-2 
4.62841E-3 4.08999E-2 1.88197E-2 3.20337E-2 
4.63390E-3 4.09054E-2 1.88261E-2 3.20402E-2 
4.63933E-3 4.09109E-2 1.88325E-2 3.20466E-2 
4.64472E-3 4.09163E-2 1.88389E-2 3.20529E-2 
4.65007E-3 4.09217E-2 1.88451E-2 3.20592E-2 
4.65537E-3 4.09270E-2 1.88513E-2 3.20654E-2 
4.66062E-3 4.09322E-2 1.88575E-2 3.20715E-2 
4.66583E-3 4.09375E-2 1.88636E-2 3.20776E-2 
4.67098E-3 4.09426E-2 1.88696E-2 3.20837E-2 
4.67610E-3 4.09478E-2 1.88756E-2 3.20897E-2 
4.68117E-3 4.09528E-2 1.88815E-2 3.20956E-2 
4.68620E-3 4.09579E-2 1.88874E-2 3.21015E-2 
4.69119E-3 4.09629E-2 1.88933E-2 3.21073E-2 
4.69614E-3 4.09678E-2 1.88990E-2 3.21131E-2 
4.70104E-3 4.09727E-2 1.89047E-2 3.21188E-2 
4.70590E-3 4.09776E-2 1.89104E-2 3.21245E-2 
4.71071E-3 4.09824E-2 1.89160E-2 3.21301E-2 
4.71548E-3 4.09872E-2 1.89216E-2 3.21357E-2 
4.72022E-3 4.09919E-2 1.89271E-2 3.21412E-2 
4.72491E-3 4.09966E-2 1.89326E-2 3.21467E-2 
4.72956E-3 4.10013E-2 1.89380E-2 3.21521E-2 
4.73417E-3 4.10059E-2 1.89433E-2 3.21575E-2 
4.73875E-3 4.10105E-2 1.89487E-2 3.21629E-2 
4.74328E-3 4.10150E-2 1.89539E-2 3.21681E-2 
4.74777E-3 4.10195E-2 1.89591E-2 3.21734E-2 
4.75223E-3 4.10239E-2 1.89643E-2 3.21786E-2 
4.75665E-3 4.10283E-2 1.89694E-2 3.21837E-2 
4.76103E-3 4.10327E-2 1.89745E-2 3.21888E-2 
4.76537E-3 4.10370E-2 1.89796E-2 3.21939E-2 
4.76968E-3 4.10414E-2 1.89846E-2 3.21989E-2 
4.77396E-3 4.10456E-2 1.89895E-2 3.22039E-2 
4.77820E-3 4.10498E-2 1.89944E-2 3.22088E-2 
4.78240E-3 4.10540E-2 1.89993E-2 3.22137E-2 
4.78656E-3 4.10582E-2 1.90041E-2 3.22185E-2 
4.79069E-3 4.10623E-2 1.90088E-2 3.22233E-2 
4.79479E-3 4.10664E-2 1.90136E-2 3.22281E-2 
4.79885E-3 4.10704E-2 1.90183E-2 3.22328E-2 
4.80288E-3 4.10745E-2 1.90229E-2 3.22374E-2 
4.80687E-3 4.10784E-2 1.90275E-2 3.22421E-2 
4.81083E-3 4.10824E-2 1.90321E-2 3.22467E-2 
4.81475E-3 4.10863E-2 1.90366E-2 3.22512E-2 
4.81864E-3 4.10902E-2 1.90411E-2 3.22557E-2 
4.82249E-3 4.10940E-2 1.90455E-2 3.22602E-2 
4.82631E-3 4.10978E-2 1.90499E-2 3.22646E-2 
4.83010E-3 4.11016E-2 1.90542E-2 3.22690E-2 
4.83385E-3 4.11053E-2 1.90586E-2 3.22733E-2 
4.83757E-3 4.11090E-2 1.90628E-2 3.22776E-2 
4.84126E-3 4.11127E-2 1.90671E-2 3.22819E-2 
4.84492E-3 4.11163E-2 1.90713E-2 3.22861E-2 
4.84854E-3 4.11199E-2 1.90754E-2 3.22903E-2 
4.85214E-3 4.11235E-2 1.90795E-2 3.22945E-2 
4.85571E-3 4.11271E-2 1.90836E-2 3.22986E-2 
4.85925E-3 4.11306E-2 1.90877E-2 3.23027E-2 
4.86276E-3 4.11341E-2 1.90917E-2 3.23068E-2 
4.86624E-3 4.11375E-2 1.90957E-2 3.23108E-2 
4.86969E-3 4.11410E-2 1.90996E-2 3.23148E-2 
4.87311E-3 4.11444E-2 1.91035E-2 3.23187E-2 
4.87650E-3 4.11477E-2 1.91074E-2 3.23226E-2 
4.87986E-3 4.11511E-2 1.91112E-2 3.23265E-2 
4.88319E-3 4.11544E-2 1.91150E-2 3.23303E-2 
4.88650E-3 4.11577E-2 1.91188E-2 3.23341E-2 
4.88978E-3 4.11609E-2 1.91225E-2 3.23379E-2 
4.89302E-3 4.11641E-2 1.91263E-2 3.23417E-2 
4.89625E-3 4.11673E-2 1.91299E-2 3.23454E-2 
4.89944E-3 4.11705E-2 1.91336E-2 3.23491E-2 
4.90260E-3 4.11736E-2 1.91372E-2 3.23527E-2 
4.90574E-3 4.11768E-2 1.91407E-2 3.23563E-2 
4.90886E-3 4.11798E-2 1.91443E-2 3.23599E-2 
4.91194E-3 4.11829E-2 1.91478E-2 3.23634E-2 
4.91501E-3 4.11859E-2 1.91512E-2 3.23670E-2 
4.91805E-3 4.11890E-2 1.91547E-2 3.23705E-2 
4.92106E-3 4.11919E-2 1.91581E-2 3.23739E-2 
4.92405E-3 4.11949E-2 1.91615E-2 3.23773E-2 
4.92701E-3 4.11978E-2 1.91649E-2 3.23807E-2 
4.92995E-3 4.12007E-2 1.91682E-2 3.23841E-2 
4.93286E-3 4.12036E-2 1.91715E-2 3.23875E-2 
4.93575E-3 4.12065E-2 1.91748E-2 3.23908E-2 
4.93862E-3 4.12093E-2 1.91780E-2 3.23941E-2 
4.94146E-3 4.12121E-2 1.91812E-2 3.23973E-2 
4.94427E-3 4.12149E-2 1.91844E-2 3.24005E-2 
4.94707E-3 4.12177E-2 1.91875E-2 3.24037E-2 
4.94984E-3 4.12204E-2 1.91907E-2 3.24069E-2 
4.95258E-3 4.12231E-2 1.91938E-2 3.24101E-2 
4.95531E-3 4.12258E-2 1.91968E-2 3.24132E-2 
4.95801E-3 4.12285E-2 1.91999E-2 3.24163E-2 
4.96069E-3 4.12312E-2 1.92029E-2 3.24193E-2 
4.96335E-3 4.12338E-2 1.92059E-2 3.24224E-2 
4.96598E-3 4.12364E-2 1.92089E-2 3.24254E-2 
4.96860E-3 4.12390E-2 1.92118E-2 3.24284E-2 
4.97119E-3 4.12415E-2 1.92147E-2 3.24313E-2 
4.97376E-3 4.12441E-2 1.92176E-2 3.24343E-2 
4.97631E-3 4.12466E-2 1.92205E-2 3.24372E-2 
4.97884E-3 4.12491E-2 1.92233E-2 3.24401E-2 
4.98134E-3 4.12516E-2 1.92261E-2 3.24429E-2 
4.98383E-3 4.12540E-2 1.92289E-2 3.24458E-2 
4.98630E-3 4.12565E-2 1.92317E-2 3.24486E-2 
4.98874E-3 4.12589E-2 1.92344E-2 3.24514E-2 
4.99117E-3 4.12613E-2 1.92371E-2 3.24542E-2 
4.99358E-3 4.12636E-2 1.92398E-2 3.24569E-2 
4.99596E-3 4.12660E-2 1.92425E-2 3.24596E-2 
4.99833E-3 4.12683E-2 1.92452E-2 3.24623E-2 
5.00068E-3 4.12706E-2 1.92478E-2 3.24650E-2 
5.00301E-3 4.12729E-2 1.92504E-2 3.24677E-2 
5.00532E-3 4.12752E-2 1.92530E-2 3.24703E-2 
5.00761E-3 4.12775E-2 1.92555E-2 3.24729E-2 
5.00988E-3 4.12797E-2 1.92581E-2 3.24755E-2 
5.01214E-3 4.12819E-2 1.92606E-2 3.24780E-2 
5.01437E-3 4.12841E-2 1.92631E-2 3.24806E-2 
5.01659E-3 4.12863E-2 1.92655E-2 3.24831E-2 
5.01879E-3 4.12885E-2 1.92680E-2 3.24856E-2 
5.02097E-3 4.12906E-2 1.92704E-2 3.24881E-2 
5.02314E-3 4.12928E-2 1.92728E-2 3.24906E-2 
5.02528E-3 4.12949E-2 1.92752E-2 3.24930E-2 
5.02741E-3 4.12970E-2 1.92776E-2 3.24954E-2 
5.02953E-3 4.12991E-2 1.92799E-2 3.24978E-2 
5.03162E-3 4.13011E-2 1.92823E-2 3.25002E-2 
5.03370E-3 4.13032E-2 1.92846E-2 3.25026E-2 
5.03576E-3 4.13052E-2 1.92869E-2 3.25049E-2 
5.03781E-3 4.13072E-2 1.92891E-2 3.25072E-2 
5.03984E-3 4.13092E-2 1.92914E-2 3.25095E-2 
5.04185E-3 4.13112E-2 1.92936E-2 3.25118E-2 
5.04385E-3 4.13132E-2 1.92958E-2 3.25141E-2 
5.04583E-3 4.13151E-2 1.92980E-2 3.25163E-2 
5.04780E-3 4.13170E-2 1.93002E-2 3.25186E-2 
5.04975E-3 4.13190E-2 1.93024E-2 3.25208E-2 
5.05169E-3 4.13209E-2 1.93045E-2 3.25230E-2 
5.05361E-3 4.13227E-2 1.93066E-2 3.25251E-2 
5.05552E-3 4.13246E-2 1.93087E-2 3.25273E-2 
5.05741E-3 4.13265E-2 1.93108E-2 3.25294E-2 
5.05929E-3 4.13283E-2 1.93129E-2 3.25316E-2 
5.06115E-3 4.13301E-2 1.93150E-2 3.25337E-2 
5.06300E-3 4.13320E-2 1.93170E-2 3.25358E-2 
5.06483E-3 4.13338E-2 1.93190E-2 3.25378E-2 
5.06665E-3 4.13355E-2 1.93210E-2 3.25399E-2 
5.06845E-3 4.13373E-2 1.93230E-2 3.25419E-2 
5.07024E-3 4.13391E-2 1.93250E-2 3.25440E-2 
5.07202E-3 4.13408E-2 1.93269E-2 3.25460E-2 
5.07378E-3 4.13425E-2 1.93289E-2 3.25480E-2 
5.07553E-3 4.13443E-2 1.93308E-2 3.25499E-2 
5.07727E-3 4.13460E-2 1.93327E-2 3.25519E-2 
5.07899E-3 4.13476E-2 1.93346E-2 3.25538E-2 
5.08070E-3 4.13493E-2 1.93365E-2 3.25558E-2 
5.08239E-3 4.13510E-2 1.93383E-2 3.25577E-2 
5.08407E-3 4.13526E-2 1.93402E-2 3.25596E-2 
5.08574E-3 4.13543E-2 1.93420E-2 3.25615E-2 
5.08740E-3 4.13559E-2 1.93438E-2 3.25633E-2 
5.08904E-3 4.13575E-2 1.93456E-2 3.25652E-2 
5.09067E-3 4.13591E-2 1.93474E-2 3.25670E-2 
5.09229E-3 4.13607E-2 1.93492E-2 3.25688E-2 
5.09390E-3 4.13622E-2 1.93510E-2 3.25706E-2 
5.09549E-3 4.13638E-2 1.93527E-2 3.25724E-2 
5.09708E-3 4.13654E-2 1.93544E-2 3.25742E-2 
5.09865E-3 4.13669E-2 1.93562E-2 3.25760E-2 
5.10020E-3 4.13684E-2 1.93579E-2 3.25777E-2 
5.10175E-3 4.13699E-2 1.93595E-2 3.25795E-2 
5.10329E-3 4.13714E-2 1.93612E-2 3.25812E-2 
5.10481E-3 4.13729E-2 1.93629E-2 3.25829E-2 
5.10632E-3 4.13744E-2 1.93645E-2 3.25846E-2 
5.10782E-3 4.13759E-2 1.93662E-2 3.25863E-2 
5.10931E-3 4.13773E-2 1.93678E-2 3.25880E-2 
5.11078E-3 4.13788E-2 1.93694E-2 3.25896E-2 
5.11225E-3 4.13802E-2 1.93710E-2 3.25913E-2 
5.11370E-3 4.13816E-2 1.93726E-2 3.25929E-2 
5.11515E-3 4.13830E-2 1.93741E-2 3.25945E-2 
5.11658E-3 4.13844E-2 1.93757E-2 3.25961E-2 
5.11800E-3 4.13858E-2 1.93772E-2 3.25977E-2 
5.11941E-3 4.13872E-2 1.93788E-2 3.25993E-2 
5.12081E-3 4.13886E-2 1.93803E-2 3.26009E-2 
5.12220E-3 4.13899E-2 1.93818E-2 3.26024E-2 
5.12358E-3 4.13913E-2 1.93833E-2 3.26040E-2 
5.12495E-3 4.13926E-2 1.93848E-2 3.26055E-2 
5.12631E-3 4.13939E-2 1.93863E-2 3.26070E-2 
5.12766E-3 4.13952E-2 1.93877E-2 3.26085E-2 
5.12900E-3 4.13966E-2 1.93892E-2 3.26100E-2 
5.13033E-3 4.13979E-2 1.93906E-2 3.26115E-2 
5.13164E-3 4.13991E-2 1.93920E-2 3.26130E-2 
5.13295E-3 4.14004E-2 1.93935E-2 3.26145E-2 
5.13425E-3 4.14017E-2 1.93949E-2 3.26159E-2 
5.13554E-3 4.14029E-2 1.93963E-2 3.26173E-2 
5.13682E-3 4.14042E-2 1.93976E-2 3.26188E-2 
5.13809E-3 4.14054E-2 1.93990E-2 3.26202E-2 
5.13935E-3 4.14067E-2 1.94004E-2 3.26216E-2 
5.14061E-3 4.14079E-2 1.94017E-2 3.26230E-2 
5.14185E-3 4.14091E-2 1.94031E-2 3.26244E-2 
5.14308E-3 4.14103E-2 1.94044E-2 3.26258E-2 
5.14431E-3 4.14115E-2 1.94057E-2 3.26271E-2 
5.14552E-3 4.14127E-2 1.94070E-2 3.26285E-2 
5.14673E-3 4.14138E-2 1.94083E-2 3.26298E-2 
5.14792E-3 4.14150E-2 1.94096E-2 3.26312E-2 
5.14911E-3 4.14162E-2 1.94109E-2 3.26325E-2 
5.15029E-3 4.14173E-2 1.94121E-2 3.26338E-2 
5.15146E-3 4.14185E-2 1.94134E-2 3.26351E-2 
5.15262E-3 4.14196E-2 1.94147E-2 3.26364E-2 
5.15378E-3 4.14207E-2 1.94159E-2 3.26377E-2 
5.15492E-3 4.14218E-2 1.94171E-2 3.26389E-2 
5.15606E-3 4.14229E-2 1.94183E-2 3.26402E-2 
5.15719E-3 4.14240E-2 1.94195E-2 3.26415E-2 
5.15831E-3 4.14251E-2 1.94207E-2 3.26427E-2 
5.15942E-3 4.14262E-2 1.94219E-2 3.26439E-2 
5.16052E-3 4.14273E-2 1.94231E-2 3.26452E-2 
5.16162E-3 4.14283E-2 1.94243E-2 3.26464E-2 
5.16271E-3 4.14294E-2 1.94255E-2 3.26476E-2 
5.16379E-3 4.14304E-2 1.94266E-2 3.26488E-2 
5.16486E-3 4.14315E-2 1.94278E-2 3.26500E-2 
5.16593E-3 4.14325E-2 1.94289E-2 3.26512E-2 
5.16698E-3 4.14336E-2 1.94300E-2 3.26523E-2 
5.16803E-3 4.14346E-2 1.94311E-2 3.26535E-2 
5.16908E-3 4.14356E-2 1.94323E-2 3.26547E-2 
5.17011E-3 4.14366E-2 1.94334E-2 3.26558E-2 
5.17114E-3 4.14376E-2 1.94345E-2 3.26569E-2 
5.17216E-3 4.14386E-2 1.94355E-2 3.26581E-2 
5.17317E-3 4.14396E-2 1.94366E-2 3.26592E-2 
5.17418E-3 4.14405E-2 1.94377E-2 3.26603E-2 
5.17518E-3 4.14415E-2 1.94388E-2 3.26614E-2 
5.17617E-3 4.14425E-2 1.94398E-2 3.26625E-2 
5.17715E-3 4.14434E-2 1.94409E-2 3.26636E-2 
5.17813E-3 4.14444E-2 1.94419E-2 3.26647E-2 
5.17910E-3 4.14453E-2 1.94429E-2 3.26657E-2 
5.18006E-3 4.14463E-2 1.94439E-2 3.26668E-2 
5.18102E-3 4.14472E-2 1.94450E-2 3.26679E-2 
5.18197E-3 4.14481E-2 1.94460E-2 3.26689E-2 
5.18292E-3 4.14490E-2 1.94470E-2 3.26700E-2 
5.18385E-3 4.14499E-2 1.94480E-2 3.26710E-2 
5.18478E-3 4.14508E-2 1.94489E-2 3.26720E-2 
5.18571E-3 4.14517E-2 1.94499E-2 3.26730E-2 
5.18663E-3 4.14526E-2 1.94509E-2 3.26741E-2 
5.18754E-3 4.14535E-2 1.94519E-2 3.26751E-2 
5.18844E-3 4.14544E-2 1.94528E-2 3.26761E-2 
5.18934E-3 4.14552E-2 1.94538E-2 3.26771E-2 
5.19024E-3 4.14561E-2 1.94547E-2 3.26780E-2 
5.19112E-3 4.14570E-2 1.94556E-2 3.26790E-2 
5.19200E-3 4.14578E-2 1.94566E-2 3.26800E-2 
5.19288E-3 4.14587E-2 1.94575E-2 3.26809E-2 
5.19375E-3 4.14595E-2 1.94584E-2 3.26819E-2 
5.19461E-3 4.14603E-2 1.94593E-2 3.26829E-2 
5.19546E-3 4.14612E-2 1.94602E-2 3.26838E-2 
5.19632E-3 4.14620E-2 1.94611E-2 3.26847E-2 
5.19716E-3 4.14628E-2 1.94620E-2 3.26857E-2 
5.19800E-3 4.14636E-2 1.94629E-2 3.26866E-2 
5.19883E-3 4.14644E-2 1.94638E-2 3.26875E-2 
5.19966E-3 4.14652E-2 1.94646E-2 3.26884E-2 
5.20048E-3 4.14660E-2 1.94655E-2 3.26893E-2 
5.20130E-3 4.14668E-2 1.94664E-2 3.26902E-2 
5.20211E-3 4.14676E-2 1.94672E-2 3.26911E-2 
5.20292E-3 4.14684E-2 1.94681E-2 3.26920E-2 
5.20372E-3 4.14692E-2 1.94689E-2 3.26929E-2 
5.20451E-3 4.14699E-2 1.94697E-2 3.26937E-2 
5.20530E-3 4.14707E-2 1.94706E-2 3.26946E-2 
5.20609E-3 4.14714E-2 1.94714E-2 3.26955E-2 
5.20687E-3 4.14722E-2 1.94722E-2 3.26963E-2 
5.20764E-3 4.14729E-2 1.94730E-2 3.26972E-2 
5.20841E-3 4.14737E-2 1.94738E-2 3.26980E-2 
5.20918E-3 4.14744E-2 1.94746E-2 3.26989E-2 
5.20993E-3 4.14752E-2 1.94754E-2 3.26997E-2 
5.21069E-3 4.14759E-2 1.94762E-2 3.27005E-2 
5.21144E-3 4.14766E-2 1.94770E-2 3.27013E-2 
5.21218E-3 4.14773E-2 1.94778E-2 3.27021E-2 
5.21292E-3 4.14780E-2 1.94785E-2 3.27030E-2 
5.21365E-3 4.14787E-2 1.94793E-2 3.27038E-2 
5.21438E-3 4.14795E-2 1.94801E-2 3.27046E-2 
5.21511E-3 4.14802E-2 1.94808E-2 3.27054E-2 
5.21583E-3 4.14808E-2 1.94816E-2 3.27061E-2 
5.21655E-3 4.14815E-2 1.94823E-2 3.27069E-2 
5.21726E-3 4.14822E-2 1.94830E-2 3.27077E-2 
5.21796E-3 4.14829E-2 1.94838E-2 3.27085E-2 
5.21866E-3 4.14836E-2 1.94845E-2 3.27092E-2 
5.21936E-3 4.14843E-2 1.94852E-2 3.27100E-2 
5.22005E-3 4.14849E-2 1.94860E-2 3.27108E-2 
5.22074E-3 4.14856E-2 1.94867E-2 3.27115E-2 
5.22143E-3 4.14862E-2 1.94874E-2 3.27123E-2 
5.22210E-3 4.14869E-2 1.94881E-2 3.27130E-2 
5.22278E-3 4.14875E-2 1.94888E-2 3.27137E-2 
5.22345E-3 4.14882E-2 1.94895E-2 3.27145E-2 
5.22412E-3 4.14888E-2 1.94902E-2 3.27152E-2 
5.22478E-3 4.14895E-2 1.94909E-2 3.27159E-2 
5.22544E-3 4.14901E-2 1.94916E-2 3.27166E-2 
5.22609E-3 4.14907E-2 1.94922E-2 3.27173E-2 
5.22674E-3 4.14914E-2 1.94929E-2 3.27181E-2 
5.22738E-3 4.14920E-2 1.94936E-2 3.27188E-2 
5.22802E-3 4.14926E-2 1.94942E-2 3.27195E-2 
5.22866E-3 4.14932E-2 1.94949E-2 3.27202E-2 
5.22929E-3 4.14938E-2 1.94955E-2 3.27208E-2 
5.22992E-3 4.14944E-2 1.94962E-2 3.27215E-2 
5.23055E-3 4.14950E-2 1.94968E-2 3.27222E-2 
5.23117E-3 4.14956E-2 1.94975E-2 3.27229E-2 
5.23178E-3 4.14962E-2 1.94981E-2 3.27236E-2 
5.23240E-3 4.14968E-2 1.94988E-2 3.27242E-2 
5.23301E-3 4.14974E-2 1.94994E-2 3.27249E-2 
5.23361E-3 4.14980E-2 1.95000E-2 3.27255E-2 
5.23421E-3 4.14986E-2 1.95006E-2 3.27262E-2 
5.23481E-3 4.14991E-2 1.95012E-2 3.27268E-2 
5.23540E-3 4.14997E-2 1.95019E-2 3.27275E-2 
5.23599E-3 4.15003E-2 1.95025E-2 3.27281E-2 
5.23658E-3 4.15008E-2 1.95031E-2 3.27288E-2 
5.23716E-3 4.15014E-2 1.95037E-2 3.27294E-2 
5.23774E-3 4.15019E-2 1.95043E-2 3.27300E-2 
5.23832E-3 4.15025E-2 1.95049E-2 3.27307E-2 
5.23889E-3 4.15030E-2 1.95054E-2 3.27313E-2 
5.23946E-3 4.15036E-2 1.95060E-2 3.27319E-2 
5.24003E-3 4.15041E-2 1.95066E-2 3.27325E-2 
5.24059E-3 4.15047E-2 1.95072E-2 3.27331E-2 
5.24115E-3 4.15052E-2 1.95078E-2 3.27337E-2 
5.24170E-3 4.15057E-2 1.95083E-2 3.27343E-2 
5.24225E-3 4.15063E-2 1.95089E-2 3.27349E-2 
5.24280E-3 4.15068E-2 1.95095E-2 3.27355E-2 
5.24335E-3 4.15073E-2 1.95100E-2 3.27361E-2 
5.24389E-3 4.15078E-2 1.95106E-2 3.27367E-2 
5.24442E-3 4.15084E-2 1.95111E-2 3.27373E-2 
5.24496E-3 4.15089E-2 1.95117E-2 3.27379E-2 
5.24549E-3 4.15094E-2 1.95122E-2 3.27384E-2 
5.24602E-3 4.15099E-2 1.95128E-2 3.27390E-2 
5.24654E-3 4.15104E-2 1.95133E-2 3.27396E-2 
5.24707E-3 4.15109E-2 1.95138E-2 3.27401E-2 
5.24759E-3 4.15114E-2 1.95144E-2 3.27407E-2 
5.24810E-3 4.15119E-2 1.95149E-2 3.27412E-2 
5.24861E-3 4.15124E-2 1.95154E-2 3.27418E-2 
5.24912E-3 4.15129E-2 1.95159E-2 3.27424E-2 
5.24963E-3 4.15134E-2 1.95164E-2 3.27429E-2 
5.25013E-3 4.15138E-2 1.95170E-2 3.27434E-2 
5.25063E-3 4.15143E-2 1.95175E-2 3.27440E-2 
5.25113E-3 4.15148E-2 1.95180E-2 3.27445E-2 
5.25163E-3 4.15153E-2 1.95185E-2 3.27451E-2 
5.25212E-3 4.15157E-2 1.95190E-2 3.27456E-2 
5.25261E-3 4.15162E-2 1.95195E-2 3.27461E-2 
5.25309E-3 4.15167E-2 1.95200E-2 3.27466E-2 
5.25357E-3 4.15171E-2 1.95205E-2 3.27472E-2 
5.25405E-3 4.15176E-2 1.95210E-2 3.27477E-2 
5.25453E-3 4.15181E-2 1.95214E-2 3.27482E-2 
5.25501E-3 4.15185E-2 1.95219E-2 3.27487E-2 
5.25548E-3 4.15190E-2 1.95224E-2 3.27492E-2 
5.25595E-3 4.15194E-2 1.95229E-2 3.27497E-2 
5.25641E-3 4.15199E-2 1.95234E-2 3.27502E-2 
5.25688E-3 4.15203E-2 1.95238E-2 3.27507E-2 
5.25734E-3 4.15207E-2 1.95243E-2 3.27512E-2 
5.25779E-3 4.15212E-2 1.95248E-2 3.27517E-2 
5.25825E-3 4.15216E-2 1.95252E-2 3.27522E-2 
5.25870E-3 4.15220E-2 1.95257E-2 3.27527E-2 
5.25915E-3 4.15225E-2 1.95261E-2 3.27532E-2 
5.25960E-3 4.15229E-2 1.95266E-2 3.27536E-2 
5.26004E-3 4.15233E-2 1.95270E-2 3.27541E-2 
5.26049E-3 4.15238E-2 1.95275E-2 3.27546E-2 
5.26093E-3 4.15242E-2 1.95279E-2 3.27551E-2 
5.26136E-3 4.15246E-2 1.95284E-2 3.27555E-2 
5.26180E-3 4.15250E-2 1.95288E-2 3.27560E-2 
5.26223E-3 4.15254E-2 1.95292E-2 3.27565E-2 
5.26266E-3 4.15258E-2 1.95297E-2 3.27569E-2 
5.26309E-3 4.15262E-2 1.95301E-2 3.27574E-2 
5.26351E-3 4.15266E-2 1.95305E-2 3.27578E-2 
5.26393E-3 4.15271E-2 1.95310E-2 3.27583E-2 
5.26435E-3 4.15275E-2 1.95314E-2 3.27587E-2 
5.26477E-3 4.15279E-2 1.95318E-2 3.27592E-2 
5.26519E-3 4.15282E-2 1.95322E-2 3.27596E-2 
5.26560E-3 4.15286E-2 1.95326E-2 3.27601E-2 
5.26601E-3 4.15290E-2 1.95331E-2 3.27605E-2 
5.26642E-3 4.15294E-2 1.95335E-2 3.27609E-2 
5.26682E-3 4.15298E-2 1.95339E-2 3.27614E-2 
5.26723E-3 4.15302E-2 1.95343E-2 3.27618E-2 
5.26763E-3 4.15306E-2 1.95347E-2 3.27622E-2 
5.26803E-3 4.15310E-2 1.95351E-2 3.27627E-2 
5.26842E-3 4.15313E-2 1.95355E-2 3.27631E-2 
5.26882E-3 4.15317E-2 1.95359E-2 3.27635E-2 
5.26921E-3 4.15321E-2 1.95363E-2 3.27639E-2 
5.26960E-3 4.15325E-2 1.95367E-2 3.27644E-2 
5.26999E-3 4.15328E-2 1.95371E-2 3.27648E-2 
5.27037E-3 4.15332E-2 1.95374E-2 3.27652E-2 
5.27076E-3 4.15336E-2 1.95378E-2 3.27656E-2 
5.27114E-3 4.15339E-2 1.95382E-2 3.27660E-2 
5.27152E-3 4.15343E-2 1.95386E-2 3.27664E-2 
5.27190E-3 4.15347E-2 1.95390E-2 3.27668E-2 
5.27227E-3 4.15350E-2 1.95393E-2 3.27672E-2 
5.27264E-3 4.15354E-2 1.95397E-2 3.27676E-2 
5.27302E-3 4.15357E-2 1.95401E-2 3.27680E-2 
5.27338E-3 4.15361E-2 1.95405E-2 3.27684E-2 
5.27375E-3 4.15364E-2 1.95408E-2 3.27688E-2 
5.27412E-3 4.15368E-2 1.95412E-2 3.27692E-2 
5.27448E-3 4.15371E-2 1.95416E-2 3.27696E-2 
5.27484E-3 4.15375E-2 1.95419E-2 3.27700E-2 
5.27520E-3 4.15378E-2 1.95423E-2 3.27703E-2 
5.27556E-3 4.15381E-2 1.95426E-2 3.27707E-2 
5.27591E-3 4.15385E-2 1.95430E-2 3.27711E-2 
5.27627E-3 4.15388E-2 1.95433E-2 3.27715E-2 
5.27662E-3 4.15392E-2 1.95437E-2 3.27718E-2 
5.27697E-3 4.15395E-2 1.95440E-2 3.27722E-2 
5.27732E-3 4.15398E-2 1.95444E-2 3.27726E-2 
5.27766E-3 4.15401E-2 1.95447E-2 3.27730E-2 
5.27801E-3 4.15405E-2 1.95451E-2 3.27733E-2 
5.27835E-3 4.15408E-2 1.95454E-2 3.27737E-2 
5.27869E-3 4.15411E-2 1.95458E-2 3.27741E-2 
5.27903E-3 4.15415E-2 1.95461E-2 3.27744E-2 
5.27937E-3 4.15418E-2 1.95464E-2 3.27748E-2 
5.27970E-3 4.15421E-2 1.95468E-2 3.27751E-2 
5.28003E-3 4.15424E-2 1.95471E-2 3.27755E-2 
5.28037E-3 4.15427E-2 1.95474E-2 3.27758E-2 
5.28070E-3 4.15430E-2 1.95477E-2 3.27762E-2 
5.28102E-3 4.15433E-2 1.95481E-2 3.27765E-2 
5.28135E-3 4.15437E-2 1.95484E-2 3.27769E-2 
5.28167E-3 4.15440E-2 1.95487E-2 3.27772E-2 
5.28200E-3 4.15443E-2 1.95490E-2 3.27776E-2 
5.28232E-3 4.15446E-2 1.95494E-2 3.27779E-2 
5.28264E-3 4.15449E-2 1.95497E-2 3.27783E-2 
5.28296E-3 4.15452E-2 1.95500E-2 3.27786E-2 
5.28327E-3 4.15455E-2 1.95503E-2 3.27789E-2 
5.28359E-3 4.15458E-2 1.95506E-2 3.27793E-2 
5.28390E-3 4.15461E-2 1.95509E-2 3.27796E-2 
5.28421E-3 4.15464E-2 1.95512E-2 3.27799E-2 
5.28452E-3 4.15467E-2 1.95515E-2 3.27803E-2 
5.28483E-3 4.15470E-2 1.95519E-2 3.27806E-2 
5.28514E-3 4.15473E-2 1.95522E-2 3.27809E-2 
5.28544E-3 4.15476E-2 1.95525E-2 3.27812E-2 
5.28575E-3 4.15478E-2 1.95528E-2 3.27816E-2 
5.28605E-3 4.15481E-2 1.95531E-2 3.27819E-2 
5.28635E-3 4.15484E-2 1.95534E-2 3.27822E-2 
5.28665E-3 4.15487E-2 1.95537E-2 3.27825E-2 
5.28695E-3 4.15490E-2 1.95539E-2 3.27828E-2 
5.28724E-3 4.15493E-2 1.95542E-2 3.27831E-2 
5.28754E-3 4.15495E-2 1.95545E-2 3.27835E-2 
5.28783E-3 4.15498E-2 1.95548E-2 3.27838E-2 
5.28812E-3 4.15501E-2 1.95551E-2 3.27841E-2 
5.28841E-3 4.15504E-2 1.95554E-2 3.27844E-2 
5.28870E-3 4.15506E-2 1.95557E-2 3.27847E-2 
5.28899E-3 4.15509E-2 1.95560E-2 3.27850E-2 
5.28927E-3 4.15512E-2 1.95562E-2 3.27853E-2 
5.28956E-3 4.15515E-2 1.95565E-2 3.27856E-2 
5.28984E-3 4.15517E-2 1.95568E-2 3.27859E-2 
5.29012E-3 4.15520E-2 1.95571E-2 3.27862E-2 
5.29040E-3 4.15523E-2 1.95574E-2 3.27865E-2 
5.29068E-3 4.15525E-2 1.95576E-2 3.27868E-2 
5.29096E-3 4.15528E-2 1.95579E-2 3.27871E-2 
5.29123E-3 4.15531E-2 1.95582E-2 3.27874E-2 
5.29151E-3 4.15533E-2 1.95585E-2 3.27877E-2 
5.29178E-3 4.15536E-2 1.95587E-2 3.27879E-2 
5.29205E-3 4.15538E-2 1.95590E-2 3.27882E-2 
5.29232E-3 4.15541E-2 1.95593E-2 3.27885E-2 
5.29259E-3 4.15543E-2 1.95595E-2 3.27888E-2 
5.29286E-3 4.15546E-2 1.95598E-2 3.27891E-2 
5.29313E-3 4.15549E-2 1.95600E-2 3.27894E-2 
5.29339E-3 4.15551E-2 1.95603E-2 3.27896E-2 
5.29366E-3 4.15554E-2 1.95606E-2 3.27899E-2 
5.29392E-3 4.15556E-2 1.95608E-2 3.27902E-2 
5.29418E-3 4.15558E-2 1.95611E-2 3.27905E-2 
5.29444E-3 4.15561E-2 1.95613E-2 3.27907E-2 
5.29470E-3 4.15563E-2 1.95616E-2 3.27910E-2 
5.29496E-3 4.15566E-2 1.95618E-2 3.27913E-2 
5.29521E-3 4.15568E-2 1.95621E-2 3.27916E-2 
5.29547E-3 4.15571E-2 1.95623E-2 3.27918E-2 
5.29572E-3 4.15573E-2 1.95626E-2 3.27921E-2 
5.29597E-3 4.15575E-2 1.95628E-2 3.27924E-2 
5.29622E-3 4.15578E-2 1.95631E-2 3.27926E-2 
5.29647E-3 4.15580E-2 1.95633E-2 3.27929E-2 
5.29672E-3 4.15583E-2 1.95636E-2 3.27932E-2 
5.29697E-3 4.15585E-2 1.95638E-2 3.27934E-2 
5.29722E-3 4.15587E-2 1.95641E-2 3.27937E-2 
5.29746E-3 4.15590E-2 1.95643E-2 3.27939E-2 
5.29770E-3 4.15592E-2 1.95645E-2 3.27942E-2 
5.29795E-3 4.15594E-2 1.95648E-2 3.27944E-2 
5.29819E-3 4.15597E-2 1.95650E-2 3.27947E-2 
5.29843E-3 4.15599E-2 1.95652E-2 3.27950E-2 
5.29867E-3 4.15601E-2 1.95655E-2 3.27952E-2 
5.29891E-3 4.15603E-2 1.95657E-2 3.27955E-2 
5.29914E-3 4.15606E-2 1.95659E-2 3.27957E-2 
5.29938E-3 4.15608E-2 1.95662E-2 3.27960E-2 
5.29961E-3 4.15610E-2 1.95664E-2 3.27962E-2 
5.29985E-3 4.15612E-2 1.95666E-2 3.27964E-2 
5.30008E-3 4.15614E-2 1.95669E-2 3.27967E-2 
5.30031E-3 4.15617E-2 1.95671E-2 3.27969E-2 
5.30054E-3 4.15619E-2 1.95673E-2 3.27972E-2 
5.30077E-3 4.15621E-2 1.95675E-2 3.27974E-2 
5.30100E-3 4.15623E-2 1.95678E-2 3.27977E-2 
5.30123E-3 4.15625E-2 1.95680E-2 3.27979E-2 
5.30145E-3 4.15627E-2 1.95682E-2 3.27981E-2 
5.30168E-3 4.15630E-2 1.95684E-2 3.27984E-2 
5.30190E-3 4.15632E-2 1.95686E-2 3.27986E-2 
5.30212E-3 4.15634E-2 1.95688E-2 3.27988E-2 
5.30234E-3 4.15636E-2 1.95691E-2 3.27991E-2 
5.30256E-3 4.15638E-2 1.95693E-2 3.27993E-2 
5.30278E-3 4.15640E-2 1.95695E-2 3.27995E-2 
5.30300E-3 4.15642E-2 1.95697E-2 3.27998E-2 
5.30322E-3 4.15644E-2 1.95699E-2 3.28000E-2 
5.30344E-3 4.15646E-2 1.95701E-2 3.28002E-2 
5.30365E-3 4.15648E-2 1.95703E-2 3.28004E-2 
5.30387E-3 4.15650E-2 1.95705E-2 3.28007E-2 
5.30408E-3 4.15652E-2 1.95708E-2 3.28009E-2 
5.30429E-3 4.15654E-2 1.95710E-2 3.28011E-2 
5.30450E-3 4.15656E-2 1.95712E-2 3.28013E-2 
5.30471E-3 4.15658E-2 1.95714E-2 3.28016E-2 
5.30492E-3 4.15660E-2 1.95716E-2 3.28018E-2 
5.30513E-3 4.15662E-2 1.95718E-2 3.28020E-2 
5.30534E-3 4.15664E-2 1.95720E-2 3.28022E-2 
5.30555E-3 4.15666E-2 1.95722E-2 3.28024E-2 
5.30575E-3 4.15668E-2 1.95724E-2 3.28026E-2 
5.30596E-3 4.15670E-2 1.95726E-2 3.28029E-2 
5.30616E-3 4.15672E-2 1.95728E-2 3.28031E-2 
5.30636E-3 4.15674E-2 1.95730E-2 3.28033E-2 
5.30657E-3 4.15676E-2 1.95732E-2 3.28035E-2 
5.30677E-3 4.15678E-2 1.95734E-2 3.28037E-2 
5.30697E-3 4.15680E-2 1.95736E-2 3.28039E-2 
5.30717E-3 4.15681E-2 1.95737E-2 3.28041E-2 
5.30736E-3 4.15683E-2 1.95739E-2 3.28043E-2 
5.30756E-3 4.15685E-2 1.95741E-2 3.28045E-2 
5.30776E-3 4.15687E-2 1.95743E-2 3.28047E-2 
5.30795E-3 4.15689E-2 1.95745E-2 3.28049E-2 
5.30815E-3 4.15691E-2 1.95747E-2 3.28051E-2 
5.30834E-3 4.15693E-2 1.95749E-2 3.28054E-2 
5.30854E-3 4.15694E-2 1.95751E-2 3.28056E-2 
5.30873E-3 4.15696E-2 1.95753E-2 3.28058E-2 
5.30892E-3 4.15698E-2 1.95754E-2 3.28060E-2 
5.30911E-3 4.15700E-2 1.95756E-2 3.28062E-2 
5.30930E-3 4.15702E-2 1.95758E-2 3.28064E-2 
5.30949E-3 4.15703E-2 1.95760E-2 3.28065E-2 
5.30968E-3 4.15705E-2 1.95762E-2 3.28067E-2 
5.30986E-3 4.15707E-2 1.95764E-2 3.28069E-2 
5.31005E-3 4.15709E-2 1.95765E-2 3.28071E-2 
5.31023E-3 4.15710E-2 1.95767E-2 3.28073E-2 
5.31042E-3 4.15712E-2 1.95769E-2 3.28075E-2 
5.31060E-3 4.15714E-2 1.95771E-2 3.28077E-2 
5.31078E-3 4.15716E-2 1.95772E-2 3.28079E-2 
5.31097E-3 4.15717E-2 1.95774E-2 3.28081E-2 
5.31115E-3 4.15719E-2 1.95776E-2 3.28083E-2 
5.31133E-3 4.15721E-2 1.95778E-2 3.28085E-2 
5.31151E-3 4.15722E-2 1.95779E-2 3.28087E-2 
5.31169E-3 4.15724E-2 1.95781E-2 3.28088E-2 
5.31187E-3 4.15726E-2 1.95783E-2 3.28090E-2 
5.31204E-3 4.15728E-2 1.95785E-2 3.28092E-2 
5.31222E-3 4.15729E-2 1.95786E-2 3.28094E-2 
5.31239E-3 4.15731E-2 1.95788E-2 3.28096E-2 
5.31257E-3 4.15732E-2 1.95790E-2 3.28098E-2 
5.31274E-3 4.15734E-2 1.95791E-2 3.28100E-2 
5.31292E-3 4.15736E-2 1.95793E-2 3.28101E-2 
5.31309E-3 4.15737E-2 1.95795E-2 3.28103E-2 
5.31326E-3 4.15739E-2 1.95796E-2 3.28105E-2 
5.31343E-3 4.15741E-2 1.95798E-2 3.28107E-2 
5.31360E-3 4.15742E-2 1.95800E-2 3.28108E-2 
5.31377E-3 4.15744E-2 1.95801E-2 3.28110E-2 
5.31394E-3 4.15745E-2 1.95803E-2 3.28112E-2 
5.31411E-3 4.15747E-2 1.95804E-2 3.28114E-2 
5.31428E-3 4.15749E-2 1.95806E-2 3.28116E-2 
5.31444E-3 4.15750E-2 1.95808E-2 3.28117E-2 
5.31461E-3 4.15752E-2 1.95809E-2 3.28119E-2 
5.31478E-3 4.15753E-2 1.95811E-2 3.28121E-2 
5.31494E-3 4.15755E-2 1.95812E-2 3.28122E-2 
5.31510E-3 4.15756E-2 1.95814E-2 3.28124E-2 
5.31527E-3 4.15758E-2 1.95816E-2 3.28126E-2 
5.31543E-3 4.15759E-2 1.95817E-2 3.28128E-2 
5.31559E-3 4.15761E-2 1.95819E-2 3.28129E-2 
5.31575E-3 4.15763E-2 1.95820E-2 3.28131E-2 
5.31591E-3 4.15764E-2 1.95822E-2 3.28133E-2 
5.31607E-3 4.15766E-2 1.95823E-2 3.28134E-2 
5.31623E-3 4.15767E-2 1.95825E-2 3.28136E-2 
5.31639E-3 4.15769E-2 1.95826E-2 3.28138E-2 
5.31655E-3 4.15770E-2 1.95828E-2 3.28139E-2 
5.31671E-3 4.15772E-2 1.95829E-2 3.28141E-2 
5.31686E-3 4.15773E-2 1.95831E-2 3.28142E-2 
5.31702E-3 4.15774E-2 1.95832E-2 3.28144E-2 
5.31717E-3 4.15776E-2 1.95834E-2 3.28146E-2 
5.31733E-3 4.15777E-2 1.95835E-2 3.28147E-2 
5.31748E-3 4.15779E-2 1.95837E-2 3.28149E-2 
5.31763E-3 4.15780E-2 1.95838E-2 3.28150E-2 
5.31779E-3 4.15782E-2 1.95840E-2 3.28152E-2 
5.31794E-3 4.15783E-2 1.95841E-2 3.28154E-2 
5.31809E-3 4.15785E-2 1.95843E-2 3.28155E-2 
5.31824E-3 4.15786E-2 1.95844E-2 3.28157E-2 
5.31839E-3 4.15787E-2 1.95846E-2 3.28158E-2 
5.31854E-3 4.15789E-2 1.95847E-2 3.28160E-2 
5.31869E-3 4.15790E-2 1.95848E-2 3.28161E-2 
5.31884E-3 4.15792E-2 1.95850E-2 3.28163E-2 
5.31898E-3 4.15793E-2 1.95851E-2 3.28165E-2 
5.31913E-3 4.15794E-2 1.95853E-2 3.28166E-2 
5.31928E-3 4.15796E-2 1.95854E-2 3.28168E-2 
5.31942E-3 4.15797E-2 1.95855E-2 3.28169E-2 
5.31957E-3 4.15798E-2 1.95857E-2 3.28171E-2 
5.31971E-3 4.15800E-2 1.95858E-2 3.28172E-2 
5.31986E-3 4.15801E-2 1.95860E-2 3.28174E-2 
5.32000E-3 4.15803E-2 1.95861E-2 3.28175E-2 
5.32014E-3 4.15804E-2 1.95862E-2 3.28177E-2 
5.32028E-3 4.15805E-2 1.95864E-2 3.28178E-2 
5.32043E-3 4.15807E-2 1.95865E-2 3.28179E-2 
5.32057E-3 4.15808E-2 1.95866E-2 3.28181E-2 
5.32071E-3 4.15809E-2 1.95868E-2 3.28182E-2 
5.32085E-3 4.15811E-2 1.95869E-2 3.28184E-2 
5.32099E-3 4.15812E-2 1.95870E-2 3.28185E-2 
5.32112E-3 4.15813E-2 1.95872E-2 3.28187E-2 
5.32126E-3 4.15814E-2 1.95873E-2 3.28188E-2 
5.32140E-3 4.15816E-2 1.95874E-2 3.28190E-2 
5.32154E-3 4.15817E-2 1.95876E-2 3.28191E-2 
5.32167E-3 4.15818E-2 1.95877E-2 3.28192E-2 
5.32181E-3 4.15820E-2 1.95878E-2 3.28194E-2 
5.32194E-3 4.15821E-2 1.95880E-2 3.28195E-2 
5.32208E-3 4.15822E-2 1.95881E-2 3.28197E-2 
5.32221E-3 4.15823E-2 1.95882E-2 3.28198E-2 
5.32234E-3 4.15825E-2 1.95883E-2 3.28199E-2 
5.32248E-3 4.15826E-2 1.95885E-2 3.28201E-2 
5.32261E-3 4.15827E-2 1.95886E-2 3.28202E-2 
5.32274E-3 4.15828E-2 1.95887E-2 3.28204E-2 
5.32287E-3 4.15830E-2 1.95888E-2 3.28205E-2 
5.32300E-3 4.15831E-2 1.95890E-2 3.28206E-2 
5.32313E-3 4.15832E-2 1.95891E-2 3.28208E-2 
5.32326E-3 4.15833E-2 1.95892E-2 3.28209E-2 
5.32339E-3 4.15835E-2 1.95893E-2 3.28210E-2 
5.32352E-3 4.15836E-2 1.95895E-2 3.28212E-2 
5.32365E-3 4.15837E-2 1.95896E-2 3.28213E-2 
5.32378E-3 4.15838E-2 1.95897E-2 3.28214E-2 
5.32390E-3 4.15839E-2 1.95898E-2 3.28216E-2 
5.32403E-3 4.15841E-2 1.95900E-2 3.28217E-2 
5.32416E-3 4.15842E-2 1.95901E-2 3.28218E-2 
5.32428E-3 4.15843E-2 1.95902E-2 3.28219E-2 
5.32441E-3 4.15844E-2 1.95903E-2 3.28221E-2 
5.32453E-3 4.15845E-2 1.95904E-2 3.28222E-2 
5.32466E-3 4.15846E-2 1.95905E-2 3.28223E-2 
5.32478E-3 4.15848E-2 1.95907E-2 3.28225E-2 
5.32490E-3 4.15849E-2 1.95908E-2 3.28226E-2 
5.32502E-3 4.15850E-2 1.95909E-2 3.28227E-2 
5.32515E-3 4.15851E-2 1.95910E-2 3.28228E-2 
5.32527E-3 4.15852E-2 1.95911E-2 3.28230E-2 
5.32539E-3 4.15853E-2 1.95912E-2 3.28231E-2 
5.32551E-3 4.15854E-2 1.95914E-2 3.28232E-2 
5.32563E-3 4.15856E-2 1.95915E-2 3.28233E-2 
5.32575E-3 4.15857E-2 1.95916E-2 3.28235E-2 
5.32587E-3 4.15858E-2 1.95917E-2 3.28236E-2 
5.32599E-3 4.15859E-2 1.95918E-2 3.28237E-2 
5.32610E-3 4.15860E-2 1.95919E-2 3.28238E-2 
5.32622E-3 4.15861E-2 1.95920E-2 3.28240E-2 
5.32634E-3 4.15862E-2 1.95921E-2 3.28241E-2 
5.32646E-3 4.15863E-2 1.95923E-2 3.28242E-2 
5.32657E-3 4.15864E-2 1.95924E-2 3.28243E-2 
5.32669E-3 4.15866E-2 1.95925E-2 3.28244E-2 
5.32680E-3 4.15867E-2 1.95926E-2 3.28246E-2 
5.32692E-3 4.15868E-2 1.95927E-2 3.28247E-2 
5.32703E-3 4.15869E-2 1.95928E-2 3.28248E-2 
5.32715E-3 4.15870E-2 1.95929E-2 3.28249E-2 
5.32726E-3 4.15871E-2 1.95930E-2 3.28250E-2 
5.32737E-3 4.15872E-2 1.95931E-2 3.28251E-2 
5.32748E-3 4.15873E-2 1.95932E-2 3.28253E-2 
5.32760E-3 4.15874E-2 1.95933E-2 3.28254E-2 
5.32771E-3 4.15875E-2 1.95934E-2 3.28255E-2 
5.32782E-3 4.15876E-2 1.95936E-2 3.28256E-2 
5.32793E-3 4.15877E-2 1.95937E-2 3.28257E-2 
5.32804E-3 4.15878E-2 1.95938E-2 3.28258E-2 
5.32815E-3 4.15879E-2 1.95939E-2 3.28260E-2 
5.32826E-3 4.15880E-2 1.95940E-2 3.28261E-2 
5.32837E-3 4.15881E-2 1.95941E-2 3.28262E-2 
5.32848E-3 4.15882E-2 1.95942E-2 3.28263E-2 
5.32859E-3 4.15883E-2 1.95943E-2 3.28264E-2 
5.32869E-3 4.15884E-2 1.95944E-2 3.28265E-2 
5.32880E-3 4.15885E-2 1.95945E-2 3.28266E-2 
5.32891E-3 4.15886E-2 1.95946E-2 3.28267E-2 
5.32901E-3 4.15887E-2 1.95947E-2 3.28268E-2 
5.32912E-3 4.15888E-2 1.95948E-2 3.28270E-2 
5.32923E-3 4.15889E-2 1.95949E-2 3.28271E-2 
5.32933E-3 4.15890E-2 1.95950E-2 3.28272E-2 
5.32944E-3 4.15891E-2 1.95951E-2 3.28273E-2 
5.32954E-3 4.15892E-2 1.95952E-2 3.28274E-2 
5.32964E-3 4.15893E-2 1.95953E-2 3.28275E-2 
5.32975E-3 4.15894E-2 1.95954E-2 3.28276E-2 
5.32985E-3 4.15895E-2 1.95955E-2 3.28277E-2 
5.32995E-3 4.15896E-2 1.95956E-2 3.28278E-2 
5.33006E-3 4.15897E-2 1.95957E-2 3.28279E-2 
5.33016E-3 4.15898E-2 1.95958E-2 3.28280E-2 
5.33026E-3 4.15899E-2 1.95959E-2 3.28281E-2 
5.33036E-3 4.15900E-2 1.95960E-2 3.28282E-2 
5.33046E-3 4.15901E-2 1.95961E-2 3.28283E-2 
5.33056E-3 4.15902E-2 1.95962E-2 3.28284E-2 
5.33066E-3 4.15903E-2 1.95963E-2 3.28285E-2 
5.33076E-3 4.15904E-2 1.95963E-2 3.28287E-2 
5.33086E-3 4.15905E-2 1.95964E-2 3.28288E-2 
5.33096E-3 4.15906E-2 1.95965E-2 3.28289E-2 
5.33106E-3 4.15907E-2 1.95966E-2 3.28290E-2 
5.33116E-3 4.15908E-2 1.95967E-2 3.28291E-2 
5.33126E-3 4.15908E-2 1.95968E-2 3.28292E-2 
5.33135E-3 4.15909E-2 1.95969E-2 3.28293E-2 
5.33145E-3 4.15910E-2 1.95970E-2 3.28294E-2 
5.33155E-3 4.15911E-2 1.95971E-2 3.28295E-2 
5.33164E-3 4.15912E-2 1.95972E-2 3.28296E-2 
5.33174E-3 4.15913E-2 1.95973E-2 3.28297E-2 
5.33183E-3 4.15914E-2 1.95974E-2 3.28298E-2 
5.33193E-3 4.15915E-2 1.95974E-2 3.28299E-2 
5.33202E-3 4.15916E-2 1.95975E-2 3.28300E-2 
5.33212E-3 4.15917E-2 1.95976E-2 3.28301E-2 
5.33221E-3 4.15917E-2 1.95977E-2 3.28301E-2 
5.33231E-3 4.15918E-2 1.95978E-2 3.28302E-2 
5.33240E-3 4.15919E-2 1.95979E-2 3.28303E-2 
5.33249E-3 4.15920E-2 1.95980E-2 3.28304E-2 
5.33259E-3 4.15921E-2 1.95981E-2 3.28305E-2 
5.33268E-3 4.15922E-2 1.95982E-2 3.28306E-2 
5.33277E-3 4.15923E-2 1.95982E-2 3.28307E-2 
5.33286E-3 4.15924E-2 1.95983E-2 3.28308E-2 
5.33295E-3 4.15924E-2 1.95984E-2 3.28309E-2 
5.33304E-3 4.15925E-2 1.95985E-2 3.28310E-2 
5.33313E-3 4.15926E-2 1.95986E-2 3.28311E-2 
5.33322E-3 4.15927E-2 1.95987E-2 3.28312E-2 
5.33331E-3 4.15928E-2 1.95988E-2 3.28313E-2 
5.33340E-3 4.15929E-2 1.95988E-2 3.28314E-2 
5.33349E-3 4.15929E-2 1.95989E-2 3.28315E-2 
5.33358E-3 4.15930E-2 1.95990E-2 3.28316E-2 
5.33367E-3 4.15931E-2 1.95991E-2 3.28317E-2 
5.33376E-3 4.15932E-2 1.95992E-2 3.28317E-2 
5.33385E-3 4.15933E-2 1.95993E-2 3.28318E-2 
5.33393E-3 4.15934E-2 1.95993E-2 3.28319E-2 
5.33402E-3 4.15934E-2 1.95994E-2 3.28320E-2 
5.33411E-3 4.15935E-2 1.95995E-2 3.28321E-2 
5.33419E-3 4.15936E-2 1.95996E-2 3.28322E-2 
5.33428E-3 4.15937E-2 1.95997E-2 3.28323E-2 
5.33437E-3 4.15938E-2 1.95998E-2 3.28324E-2 
5.33445E-3 4.15938E-2 1.95998E-2 3.28325E-2 
5.33454E-3 4.15939E-2 1.95999E-2 3.28325E-2 
5.33462E-3 4.15940E-2 1.96000E-2 3.28326E-2 
5.33471E-3 4.15941E-2 1.96001E-2 3.28327E-2 
5.33479E-3 4.15942E-2 1.96002E-2 3.28328E-2 
5.33487E-3 4.15942E-2 1.96002E-2 3.28329E-2 
5.33496E-3 4.15943E-2 1.96003E-2 3.28330E-2 
5.33504E-3 4.15944E-2 1.96004E-2 3.28331E-2 
5.33512E-3 4.15945E-2 1.96005E-2 3.28331E-2 
5.33521E-3 4.15946E-2 1.96005E-2 3.28332E-2 
5.33529E-3 4.15946E-2 1.96006E-2 3.28333E-2 
5.33537E-3 4.15947E-2 1.96007E-2 3.28334E-2 
5.33545E-3 4.15948E-2 1.96008E-2 3.28335E-2 
5.33553E-3 4.15949E-2 1.96009E-2 3.28336E-2 
5.33561E-3 4.15949E-2 1.96009E-2 3.28337E-2 
5.33570E-3 4.15950E-2 1.96010E-2 3.28337E-2 
5.33578E-3 4.15951E-2 1.96011E-2 3.28338E-2 
5.33586E-3 4.15952E-2 1.96012E-2 3.28339E-2 
5.33594E-3 4.15952E-2 1.96012E-2 3.28340E-2 
5.33602E-3 4.15953E-2 1.96013E-2 3.28341E-2 
5.33609E-3 4.15954E-2 1.96014E-2 3.28341E-2 
5.33617E-3 4.15955E-2 1.96015E-2 3.28342E-2 
5.33625E-3 4.15955E-2 1.96015E-2 3.28343E-2 
5.33633E-3 4.15956E-2 1.96016E-2 3.28344E-2 
5.33641E-3 4.15957E-2 1.96017E-2 3.28345E-2 
5.33649E-3 4.15958E-2 1.96018E-2 3.28346E-2 
5.33656E-3 4.15958E-2 1.96018E-2 3.28346E-2 
5.33664E-3 4.15959E-2 1.96019E-2 3.28347E-2 
5.33672E-3 4.15960E-2 1.96020E-2 3.28348E-2 
5.33679E-3 4.15960E-2 1.96020E-2 3.28349E-2 
5.33687E-3 4.15961E-2 1.96021E-2 3.28349E-2 
5.33695E-3 4.15962E-2 1.96022E-2 3.28350E-2 
5.33702E-3 4.15963E-2 1.96023E-2 3.28351E-2 
5.33710E-3 4.15963E-2 1.96023E-2 3.28352E-2 
5.33717E-3 4.15964E-2 1.96024E-2 3.28353E-2 
5.33725E-3 4.15965E-2 1.96025E-2 3.28353E-2 
5.33732E-3 4.15965E-2 1.96025E-2 3.28354E-2 
5.33740E-3 4.15966E-2 1.96026E-2 3.28355E-2 
5.33747E-3 4.15967E-2 1.96027E-2 3.28356E-2 
5.33755E-3 4.15967E-2 1.96028E-2 3.28356E-2 
5.33762E-3 4.15968E-2 1.96028E-2 3.28357E-2 
5.33769E-3 4.15969E-2 1.96029E-2 3.28358E-2 
5.33777E-3 4.15970E-2 1.96030E-2 3.28359E-2 
5.33784E-3 4.15970E-2 1.96030E-2 3.28359E-2 
5.33791E-3 4.15971E-2 1.96031E-2 3.28360E-2 
5.33798E-3 4.15972E-2 1.96032E-2 3.28361E-2 
5.33805E-3 4.15972E-2 1.96032E-2 3.28362E-2 
5.33813E-3 4.15973E-2 1.96033E-2 3.28362E-2 
5.33820E-3 4.15974E-2 1.96034E-2 3.28363E-2 
5.33827E-3 4.15974E-2 1.96034E-2 3.28364E-2 
5.33834E-3 4.15975E-2 1.96035E-2 3.28365E-2 
5.33841E-3 4.15976E-2 1.96036E-2 3.28365E-2 
5.33848E-3 4.15976E-2 1.96036E-2 3.28366E-2 
5.33855E-3 4.15977E-2 1.96037E-2 3.28367E-2 
5.33862E-3 4.15978E-2 1.96038E-2 3.28367E-2 
5.33869E-3 4.15978E-2 1.96038E-2 3.28368E-2 
5.33876E-3 4.15979E-2 1.96039E-2 3.28369E-2 
5.33883E-3 4.15980E-2 1.96040E-2 3.28370E-2 
5.33890E-3 4.15980E-2 1.96040E-2 3.28370E-2 
5.33897E-3 4.15981E-2 1.96041E-2 3.28371E-2 
5.33903E-3 4.15981E-2 1.96042E-2 3.28372E-2 
5.33910E-3 4.15982E-2 1.96042E-2 3.28372E-2 
5.33917E-3 4.15983E-2 1.96043E-2 3.28373E-2 
5.33924E-3 4.15983E-2 1.96043E-2 3.28374E-2 
5.33930E-3 4.15984E-2 1.96044E-2 3.28375E-2 
5.33937E-3 4.15985E-2 1.96045E-2 3.28375E-2 
5.33944E-3 4.15985E-2 1.96045E-2 3.28376E-2 
5.33950E-3 4.15986E-2 1.96046E-2 3.28377E-2 
5.33957E-3 4.15986E-2 1.96047E-2 3.28377E-2 
5.33964E-3 4.15987E-2 1.96047E-2 3.28378E-2 
5.33970E-3 4.15988E-2 1.96048E-2 3.28379E-2 
5.33977E-3 4.15988E-2 1.96048E-2 3.28379E-2 
5.33983E-3 4.15989E-2 1.96049E-2 3.28380E-2 
5.33990E-3 4.15990E-2 1.96050E-2 3.28381E-2 
5.33996E-3 4.15990E-2 1.96050E-2 3.28381E-2 
5.34003E-3 4.15991E-2 1.96051E-2 3.28382E-2 
5.34009E-3 4.15991E-2 1.96051E-2 3.28383E-2 
5.34016E-3 4.15992E-2 1.96052E-2 3.28383E-2 
5.34022E-3 4.15993E-2 1.96053E-2 3.28384E-2 
5.34028E-3 4.15993E-2 1.96053E-2 3.28385E-2 
5.34035E-3 4.15994E-2 1.96054E-2 3.28385E-2 
5.34041E-3 4.15994E-2 1.96054E-2 3.28386E-2 
5.34047E-3 4.15995E-2 1.96055E-2 3.28387E-2 
5.34054E-3 4.15996E-2 1.96056E-2 3.28387E-2 
5.34060E-3 4.15996E-2 1.96056E-2 3.28388E-2 
5.34066E-3 4.15997E-2 1.96057E-2 3.28388E-2 
5.34072E-3 4.15997E-2 1.96057E-2 3.28389E-2 
5.34079E-3 4.15998E-2 1.96058E-2 3.28390E-2 
5.34085E-3 4.15998E-2 1.96059E-2 3.28390E-2 
5.34091E-3 4.15999E-2 1.96059E-2 3.28391E-2 
5.34097E-3 4.16000E-2 1.96060E-2 3.28392E-2 
5.34103E-3 4.16000E-2 1.96060E-2 3.28392E-2 
5.34109E-3 4.16001E-2 1.96061E-2 3.28393E-2 
5.34115E-3 4.16001E-2 1.96061E-2 3.28394E-2 
5.34121E-3 4.16002E-2 1.96062E-2 3.28394E-2 
5.34127E-3 4.16002E-2 1.96063E-2 3.28395E-2 
5.34133E-3 4.16003E-2 1.96063E-2 3.28395E-2 
5.34139E-3 4.16004E-2 1.96064E-2 3.28396E-2 
5.34145E-3 4.16004E-2 1.96064E-2 3.28397E-2 
5.34151E-3 4.16005E-2 1.96065E-2 3.28397E-2 
5.34157E-3 4.16005E-2 1.96065E-2 3.28398E-2 
5.34163E-3 4.16006E-2 1.96066E-2 3.28398E-2 
5.34169E-3 4.16006E-2 1.96066E-2 3.28399E-2 
5.34174E-3 4.16007E-2 1.96067E-2 3.28400E-2 
5.34180E-3 4.16007E-2 1.96068E-2 3.28400E-2 
5.34186E-3 4.16008E-2 1.96068E-2 3.28401E-2 
5.34192E-3 4.16008E-2 1.96069E-2 3.28401E-2 
5.34198E-3 4.16009E-2 1.96069E-2 3.28402E-2 
5.34203E-3 4.16010E-2 1.96070E-2 3.28403E-2 
5.34209E-3 4.16010E-2 1.96070E-2 3.28403E-2 
5.34215E-3 4.16011E-2 1.96071E-2 3.28404E-2 
5.34220E-3 4.16011E-2 1.96071E-2 3.28404E-2 
5.34226E-3 4.16012E-2 1.96072E-2 3.28405E-2 
5.34232E-3 4.16012E-2 1.96072E-2 3.28405E-2 
5.34237E-3 4.16013E-2 1.96073E-2 3.28406E-2 
5.34243E-3 4.16013E-2 1.96073E-2 3.28407E-2 
5.34248E-3 4.16014E-2 1.96074E-2 3.28407E-2 
5.34254E-3 4.16014E-2 1.96074E-2 3.28408E-2 
5.34259E-3 4.16015E-2 1.96075E-2 3.28408E-2 
5.34265E-3 4.16015E-2 1.96075E-2 3.28409E-2 
5.34270E-3 4.16016E-2 1.96076E-2 3.28409E-2 
5.34276E-3 4.16016E-2 1.96077E-2 3.28410E-2 
5.34281E-3 4.16017E-2 1.96077E-2 3.28411E-2 
5.34287E-3 4.16017E-2 1.96078E-2 3.28411E-2 
5.34292E-3 4.16018E-2 1.96078E-2 3.28412E-2 
5.34298E-3 4.16018E-2 1.96079E-2 3.28412E-2 
5.34303E-3 4.16019E-2 1.96079E-2 3.28413E-2 
5.34308E-3 4.16019E-2 1.96080E-2 3.28413E-2 
5.34314E-3 4.16020E-2 1.96080E-2 3.28414E-2 
5.34319E-3 4.16020E-2 1.96081E-2 3.28414E-2 
5.34324E-3 4.16021E-2 1.96081E-2 3.28415E-2 
5.34329E-3 4.16021E-2 1.96082E-2 3.28416E-2 
5.34335E-3 4.16022E-2 1.96082E-2 3.28416E-2 
5.34340E-3 4.16022E-2 1.96083E-2 3.28417E-2 
5.34345E-3 4.16023E-2 1.96083E-2 3.28417E-2 
5.34350E-3 4.16023E-2 1.96084E-2 3.28418E-2 
5.34356E-3 4.16024E-2 1.96084E-2 3.28418E-2 
5.34361E-3 4.16024E-2 1.96084E-2 3.28419E-2 
5.34366E-3 4.16025E-2 1.96085E-2 3.28419E-2 
5.34371E-3 4.16025E-2 1.96085E-2 3.28420E-2 
5.34376E-3 4.16026E-2 1.96086E-2 3.28420E-2 
5.34381E-3 4.16026E-2 1.96086E-2 3.28421E-2 
5.34386E-3 4.16027E-2 1.96087E-2 3.28421E-2 
5.34391E-3 4.16027E-2 1.96087E-2 3.28422E-2 
5.34396E-3 4.16028E-2 1.96088E-2 3.28422E-2 
5.34401E-3 4.16028E-2 1.96088E-2 3.28423E-2 
5.34406E-3 4.16029E-2 1.96089E-2 3.28423E-2 
5.34411E-3 4.16029E-2 1.96089E-2 3.28424E-2 
5.34416E-3 4.16030E-2 1.96090E-2 3.28424E-2 
5.34421E-3 4.16030E-2 1.96090E-2 3.28425E-2 
5.34426E-3 4.16030E-2 1.96091E-2 3.28425E-2 
5.34431E-3 4.16031E-2 1.96091E-2 3.28426E-2 
5.34436E-3 4.16031E-2 1.96092E-2 3.28426E-2 
5.34441E-3 4.16032E-2 1.96092E-2 3.28427E-2 
5.34446E-3 4.16032E-2 1.96092E-2 3.28427E-2 
5.34450E-3 4.16033E-2 1.96093E-2 3.28428E-2 
5.34455E-3 4.16033E-2 1.96093E-2 3.28428E-2 
5.34460E-3 4.16034E-2 1.96094E-2 3.28429E-2 
5.34465E-3 4.16034E-2 1.96094E-2 3.28429E-2 
5.34470E-3 4.16035E-2 1.96095E-2 3.28430E-2 
5.34474E-3 4.16035E-2 1.96095E-2 3.28430E-2 
5.34479E-3 4.16035E-2 1.96096E-2 3.28431E-2 
5.34484E-3 4.16036E-2 1.96096E-2 3.28431E-2 
5.34488E-3 4.16036E-2 1.96096E-2 3.28432E-2 
5.34493E-3 4.16037E-2 1.96097E-2 3.28432E-2 
5.34498E-3 4.16037E-2 1.96097E-2 3.28433E-2 
5.34502E-3 4.16038E-2 1.96098E-2 3.28433E-2 
5.34507E-3 4.16038E-2 1.96098E-2 3.28434E-2 
5.34512E-3 4.16038E-2 1.96099E-2 3.28434E-2 
5.34516E-3 4.16039E-2 1.96099E-2 3.28435E-2 
5.34521E-3 4.16039E-2 1.96099E-2 3.28435E-2 
5.34525E-3 4.16040E-2 1.96100E-2 3.28436E-2 
5.34530E-3 4.16040E-2 1.96100E-2 3.28436E-2 
5.34534E-3 4.16041E-2 1.96101E-2 3.28437E-2 
5.34539E-3 4.16041E-2 1.96101E-2 3.28437E-2 
5.34544E-3 4.16041E-2 1.96102E-2 3.28437E-2 
5.34548E-3 4.16042E-2 1.96102E-2 3.28438E-2 
5.34552E-3 4.16042E-2 1.96102E-2 3.28438E-2 
5.34557E-3 4.16043E-2 1.96103E-2 3.28439E-2 
5.34561E-3 4.16043E-2 1.96103E-2 3.28439E-2 
5.34566E-3 4.16044E-2 1.96104E-2 3.28440E-2 
5.34570E-3 4.16044E-2 1.96104E-2 3.28440E-2 
5.34575E-3 4.16044E-2 1.96105E-2 3.28441E-2 
5.34579E-3 4.16045E-2 1.96105E-2 3.28441E-2 
5.34583E-3 4.16045E-2 1.96105E-2 3.28442E-2 
5.34588E-3 4.16046E-2 1.96106E-2 3.28442E-2 
5.34592E-3 4.16046E-2 1.96106E-2 3.28442E-2 
5.34596E-3 4.16046E-2 1.96107E-2 3.28443E-2 
5.34601E-3 4.16047E-2 1.96107E-2 3.28443E-2 
5.34605E-3 4.16047E-2 1.96107E-2 3.28444E-2 
5.34609E-3 4.16048E-2 1.96108E-2 3.28444E-2 
5.34613E-3 4.16048E-2 1.96108E-2 3.28445E-2 
5.34618E-3 4.16048E-2 1.96109E-2 3.28445E-2 
5.34622E-3 4.16049E-2 1.96109E-2 3.28446E-2 
5.34626E-3 4.16049E-2 1.96109E-2 3.28446E-2 
5.34630E-3 4.16050E-2 1.96110E-2 3.28446E-2 
5.34634E-3 4.16050E-2 1.96110E-2 3.28447E-2 
5.34638E-3 4.16050E-2 1.96111E-2 3.28447E-2 
5.34643E-3 4.16051E-2 1.96111E-2 3.28448E-2 
5.34647E-3 4.16051E-2 1.96111E-2 3.28448E-2 
5.34651E-3 4.16052E-2 1.96112E-2 3.28448E-2 
5.34655E-3 4.16052E-2 1.96112E-2 3.28449E-2 
5.34659E-3 4.16052E-2 1.96112E-2 3.28449E-2 
5.34663E-3 4.16053E-2 1.96113E-2 3.28450E-2 
5.34667E-3 4.16053E-2 1.96113E-2 3.28450E-2 
5.34671E-3 4.16053E-2 1.96114E-2 3.28451E-2 
5.34675E-3 4.16054E-2 1.96114E-2 3.28451E-2 
5.34679E-3 4.16054E-2 1.96114E-2 3.28451E-2 
5.34683E-3 4.16055E-2 1.96115E-2 3.28452E-2 
5.34687E-3 4.16055E-2 1.96115E-2 3.28452E-2 
5.34691E-3 4.16055E-2 1.96115E-2 3.28453E-2 
5.34695E-3 4.16056E-2 1.96116E-2 3.28453E-2 
5.34699E-3 4.16056E-2 1.96116E-2 3.28453E-2 
5.34703E-3 4.16056E-2 1.96117E-2 3.28454E-2 
5.34707E-3 4.16057E-2 1.96117E-2 3.28454E-2 
5.34711E-3 4.16057E-2 1.96117E-2 3.28455E-2 
5.34715E-3 4.16057E-2 1.96118E-2 3.28455E-2 
5.34719E-3 4.16058E-2 1.96118E-2 3.28455E-2 
5.34722E-3 4.16058E-2 1.96118E-2 3.28456E-2 
5.34726E-3 4.16059E-2 1.96119E-2 3.28456E-2 
5.34730E-3 4.16059E-2 1.96119E-2 3.28457E-2 
5.34734E-3 4.16059E-2 1.96119E-2 3.28457E-2 
5.34738E-3 4.16060E-2 1.96120E-2 3.28457E-2 
5.34742E-3 4.16060E-2 1.96120E-2 3.28458E-2 
5.34745E-3 4.16060E-2 1.96121E-2 3.28458E-2 
5.34749E-3 4.16061E-2 1.96121E-2 3.28459E-2 
5.34753E-3 4.16061E-2 1.96121E-2 3.28459E-2 
5.34757E-3 4.16061E-2 1.96122E-2 3.28459E-2 
5.34760E-3 4.16062E-2 1.96122E-2 3.28460E-2 
5.34764E-3 4.16062E-2 1.96122E-2 3.28460E-2 
5.34768E-3 4.16062E-2 1.96123E-2 3.28460E-2 
5.34771E-3 4.16063E-2 1.96123E-2 3.28461E-2 
5.34775E-3 4.16063E-2 1.96123E-2 3.28461E-2 
5.34779E-3 4.16063E-2 1.96124E-2 3.28462E-2 
5.34782E-3 4.16064E-2 1.96124E-2 3.28462E-2 
5.34786E-3 4.16064E-2 1.96124E-2 3.28462E-2 
5.34790E-3 4.16065E-2 1.96125E-2 3.28463E-2 
5.34793E-3 4.16065E-2 1.96125E-2 3.28463E-2 
5.34797E-3 4.16065E-2 1.96125E-2 3.28463E-2 
5.34800E-3 4.16066E-2 1.96126E-2 3.28464E-2 
5.34804E-3 4.16066E-2 1.96126E-2 3.28464E-2 
5.34808E-3 4.16066E-2 1.96126E-2 3.28465E-2 
5.34811E-3 4.16067E-2 1.96127E-2 3.28465E-2 
5.34815E-3 4.16067E-2 1.96127E-2 3.28465E-2 
5.34818E-3 4.16067E-2 1.96127E-2 3.28466E-2 
5.34822E-3 4.16068E-2 1.96128E-2 3.28466E-2 
5.34825E-3 4.16068E-2 1.96128E-2 3.28466E-2 
5.34829E-3 4.16068E-2 1.96128E-2 3.28467E-2 
5.34832E-3 4.16068E-2 1.96129E-2 3.28467E-2 
5.34836E-3 4.16069E-2 1.96129E-2 3.28467E-2 
5.34839E-3 4.16069E-2 1.96129E-2 3.28468E-2 
5.34842E-3 4.16069E-2 1.96130E-2 3.28468E-2 
5.34846E-3 4.16070E-2 1.96130E-2 3.28468E-2 
5.34849E-3 4.16070E-2 1.96130E-2 3.28469E-2 
5.34853E-3 4.16070E-2 1.96131E-2 3.28469E-2 
5.34856E-3 4.16071E-2 1.96131E-2 3.28470E-2 
5.34859E-3 4.16071E-2 1.96131E-2 3.28470E-2 
5.34863E-3 4.16071E-2 1.96132E-2 3.28470E-2 
5.34866E-3 4.16072E-2 1.96132E-2 3.28471E-2 
5.34870E-3 4.16072E-2 1.96132E-2 3.28471E-2 
5.34873E-3 4.16072E-2 1.96132E-2 3.28471E-2 
5.34876E-3 4.16073E-2 1.96133E-2 3.28472E-2 
5.34879E-3 4.16073E-2 1.96133E-2 3.28472E-2 
5.34883E-3 4.16073E-2 1.96133E-2 3.28472E-2 
5.34886E-3 4.16074E-2 1.96134E-2 3.28473E-2 
5.34889E-3 4.16074E-2 1.96134E-2 3.28473E-2 
5.34893E-3 4.16074E-2 1.96134E-2 3.28473E-2 
5.34896E-3 4.16074E-2 1.96135E-2 3.28474E-2 
5.34899E-3 4.16075E-2 1.96135E-2 3.28474E-2 
5.34902E-3 4.16075E-2 1.96135E-2 3.28474E-2 
5.34905E-3 4.16075E-2 1.96135E-2 3.28475E-2 
5.34909E-3 4.16076E-2 1.96136E-2 3.28475E-2 
5.34912E-3 4.16076E-2 1.96136E-2 3.28475E-2 
5.34915E-3 4.16076E-2 1.96136E-2 3.28476E-2 
5.34918E-3 4.16077E-2 1.96137E-2 3.28476E-2 
5.34921E-3 4.16077E-2 1.96137E-2 3.28476E-2 
5.34925E-3 4.16077E-2 1.96137E-2 3.28477E-2 
5.34928E-3 4.16077E-2 1.96138E-2 3.28477E-2 
5.34931E-3 4.16078E-2 1.96138E-2 3.28477E-2 
5.34934E-3 4.16078E-2 1.96138E-2 3.28477E-2 
5.34937E-3 4.16078E-2 1.96138E-2 3.28478E-2 
5.34940E-3 4.16079E-2 1.96139E-2 3.28478E-2 
5.34943E-3 4.16079E-2 1.96139E-2 3.28478E-2 
5.34946E-3 4.16079E-2 1.96139E-2 3.28479E-2 
5.34949E-3 4.16079E-2 1.96140E-2 3.28479E-2 
5.34952E-3 4.16080E-2 1.96140E-2 3.28479E-2 
5.34955E-3 4.16080E-2 1.96140E-2 3.28480E-2 
5.34958E-3 4.16080E-2 1.96140E-2 3.28480E-2 
5.34961E-3 4.16081E-2 1.96141E-2 3.28480E-2 
5.34964E-3 4.16081E-2 1.96141E-2 3.28481E-2 
5.34967E-3 4.16081E-2 1.96141E-2 3.28481E-2 
5.34970E-3 4.16081E-2 1.96142E-2 3.28481E-2 
5.34973E-3 4.16082E-2 1.96142E-2 3.28482E-2 
5.34976E-3 4.16082E-2 1.96142E-2 3.28482E-2 
5.34979E-3 4.16082E-2 1.96142E-2 3.28482E-2 
5.34982E-3 4.16083E-2 1.96143E-2 3.28482E-2 
5.34985E-3 4.16083E-2 1.96143E-2 3.28483E-2 
5.34988E-3 4.16083E-2 1.96143E-2 3.28483E-2 
5.34991E-3 4.16083E-2 1.96143E-2 3.28483E-2 
5.34994E-3 4.16084E-2 1.96144E-2 3.28484E-2 
5.34997E-3 4.16084E-2 1.96144E-2 3.28484E-2 
5.35000E-3 4.16084E-2 1.96144E-2 3.28484E-2 
5.35002E-3 4.16084E-2 1.96145E-2 3.28485E-2 
5.35005E-3 4.16085E-2 1.96145E-2 3.28485E-2 
5.35008E-3 4.16085E-2 1.96145E-2 3.28485E-2 
5.35011E-3 4.16085E-2 1.96145E-2 3.28485E-2 
5.35014E-3 4.16086E-2 1.96146E-2 3.28486E-2 
5.35017E-3 4.16086E-2 1.96146E-2 3.28486E-2 
5.35019E-3 4.16086E-2 1.96146E-2 3.28486E-2 
5.35022E-3 4.16086E-2 1.96146E-2 3.28487E-2 
5.35025E-3 4.16087E-2 1.96147E-2 3.28487E-2 
5.35028E-3 4.16087E-2 1.96147E-2 3.28487E-2 
5.35031E-3 4.16087E-2 1.96147E-2 3.28487E-2 
5.35033E-3 4.16087E-2 1.96147E-2 3.28488E-2 
5.35036E-3 4.16088E-2 1.96148E-2 3.28488E-2 
5.35039E-3 4.16088E-2 1.96148E-2 3.28488E-2 
5.35042E-3 4.16088E-2 1.96148E-2 3.28489E-2 
5.35044E-3 4.16088E-2 1.96148E-2 3.28489E-2 
5.35047E-3 4.16089E-2 1.96149E-2 3.28489E-2 
5.35050E-3 4.16089E-2 1.96149E-2 3.28489E-2 
5.35052E-3 4.16089E-2 1.96149E-2 3.28490E-2 
5.35055E-3 4.16089E-2 1.96149E-2 3.28490E-2 
5.35058E-3 4.16090E-2 1.96150E-2 3.28490E-2 
5.35060E-3 4.16090E-2 1.96150E-2 3.28490E-2 
5.35063E-3 4.16090E-2 1.96150E-2 3.28491E-2 
5.35066E-3 4.16090E-2 1.96150E-2 3.28491E-2 
5.35068E-3 4.16091E-2 1.96151E-2 3.28491E-2 
5.35071E-3 4.16091E-2 1.96151E-2 3.28492E-2 
5.35074E-3 4.16091E-2 1.96151E-2 3.28492E-2 
5.35076E-3 4.16091E-2 1.96151E-2 3.28492E-2 
5.35079E-3 4.16092E-2 1.96152E-2 3.28492E-2 
5.35081E-3 4.16092E-2 1.96152E-2 3.28493E-2 
5.35084E-3 4.16092E-2 1.96152E-2 3.28493E-2 
5.35087E-3 4.16092E-2 1.96152E-2 3.28493E-2 
5.35089E-3 4.16093E-2 1.96153E-2 3.28493E-2 
5.35092E-3 4.16093E-2 1.96153E-2 3.28494E-2 
5.35094E-3 4.16093E-2 1.96153E-2 3.28494E-2 
5.35097E-3 4.16093E-2 1.96153E-2 3.28494E-2 
5.35099E-3 4.16094E-2 1.96154E-2 3.28494E-2 
5.35102E-3 4.16094E-2 1.96154E-2 3.28495E-2 
5.35104E-3 4.16094E-2 1.96154E-2 3.28495E-2 
5.35107E-3 4.16094E-2 1.96154E-2 3.28495E-2 
5.35109E-3 4.16094E-2 1.96155E-2 3.28495E-2 
5.35112E-3 4.16095E-2 1.96155E-2 3.28496E-2 
5.35114E-3 4.16095E-2 1.96155E-2 3.28496E-2 
5.35117E-3 4.16095E-2 1.96155E-2 3.28496E-2 
5.35119E-3 4.16095E-2 1.96155E-2 3.28496E-2 
5.35122E-3 4.16096E-2 1.96156E-2 3.28497E-2 
5.35124E-3 4.16096E-2 1.96156E-2 3.28497E-2 
5.35127E-3 4.16096E-2 1.96156E-2 3.28497E-2 
5.35129E-3 4.16096E-2 1.96156E-2 3.28497E-2 
5.35131E-3 4.16097E-2 1.96157E-2 3.28498E-2 
5.35134E-3 4.16097E-2 1.96157E-2 3.28498E-2 
5.35136E-3 4.16097E-2 1.96157E-2 3.28498E-2 
5.35139E-3 4.16097E-2 1.96157E-2 3.28498E-2 
5.35141E-3 4.16097E-2 1.96158E-2 3.28499E-2 
5.35143E-3 4.16098E-2 1.96158E-2 3.28499E-2 
5.35146E-3 4.16098E-2 1.96158E-2 3.28499E-2 
5.35148E-3 4.16098E-2 1.96158E-2 3.28499E-2 
5.35150E-3 4.16098E-2 1.96158E-2 3.28500E-2 
5.35153E-3 4.16099E-2 1.96159E-2 3.28500E-2 
5.35155E-3 4.16099E-2 1.96159E-2 3.28500E-2 
5.35157E-3 4.16099E-2 1.96159E-2 3.28500E-2 
5.35160E-3 4.16099E-2 1.96159E-2 3.28501E-2 
5.35162E-3 4.16099E-2 1.96159E-2 3.28501E-2 
5.35164E-3 4.16100E-2 1.96160E-2 3.28501E-2 
5.35167E-3 4.16100E-2 1.96160E-2 3.28501E-2 
5.35169E-3 4.16100E-2 1.96160E-2 3.28502E-2 
5.35171E-3 4.16100E-2 1.96160E-2 3.28502E-2 
5.35173E-3 4.16100E-2 1.96161E-2 3.28502E-2 
5.35176E-3 4.16101E-2 1.96161E-2 3.28502E-2 
5.35178E-3 4.16101E-2 1.96161E-2 3.28503E-2 
5.35180E-3 4.16101E-2 1.96161E-2 3.28503E-2 
5.35182E-3 4.16101E-2 1.96161E-2 3.28503E-2 
5.35185E-3 4.16102E-2 1.96162E-2 3.28503E-2 
5.35187E-3 4.16102E-2 1.96162E-2 3.28503E-2 
5.35189E-3 4.16102E-2 1.96162E-2 3.28504E-2 
5.35191E-3 4.16102E-2 1.96162E-2 3.28504E-2 
5.35194E-3 4.16102E-2 1.96162E-2 3.28504E-2 
5.35196E-3 4.16103E-2 1.96163E-2 3.28504E-2 
5.35198E-3 4.16103E-2 1.96163E-2 3.28505E-2 
5.35200E-3 4.16103E-2 1.96163E-2 3.28505E-2 
5.35202E-3 4.16103E-2 1.96163E-2 3.28505E-2 
5.35204E-3 4.16103E-2 1.96163E-2 3.28505E-2 
5.35207E-3 4.16104E-2 1.96164E-2 3.28505E-2 
5.35209E-3 4.16104E-2 1.96164E-2 3.28506E-2 
5.35211E-3 4.16104E-2 1.96164E-2 3.28506E-2 
5.35213E-3 4.16104E-2 1.96164E-2 3.28506E-2 
5.35215E-3 4.16104E-2 1.96164E-2 3.28506E-2 
5.35217E-3 4.16105E-2 1.96165E-2 3.28507E-2 
5.35219E-3 4.16105E-2 1.96165E-2 3.28507E-2 
5.35221E-3 4.16105E-2 1.96165E-2 3.28507E-2 
5.35224E-3 4.16105E-2 1.96165E-2 3.28507E-2 
5.35226E-3 4.16105E-2 1.96165E-2 3.28507E-2 
5.35228E-3 4.16106E-2 1.96166E-2 3.28508E-2 
5.35230E-3 4.16106E-2 1.96166E-2 3.28508E-2 
5.35232E-3 4.16106E-2 1.96166E-2 3.28508E-2 
5.35234E-3 4.16106E-2 1.96166E-2 3.28508E-2 
5.35236E-3 4.16106E-2 1.96166E-2 3.28508E-2 
5.35238E-3 4.16107E-2 1.96167E-2 3.28509E-2 
5.35240E-3 4.16107E-2 1.96167E-2 3.28509E-2 
5.35242E-3 4.16107E-2 1.96167E-2 3.28509E-2 
5.35244E-3 4.16107E-2 1.96167E-2 3.28509E-2 
5.35246E-3 4.16107E-2 1.96167E-2 3.28509E-2 
5.35248E-3 4.16107E-2 1.96168E-2 3.28510E-2 
5.35250E-3 4.16108E-2 1.96168E-2 3.28510E-2 
5.35252E-3 4.16108E-2 1.96168E-2 3.28510E-2 
5.35254E-3 4.16108E-2 1.96168E-2 3.28510E-2 
5.35256E-3 4.16108E-2 1.96168E-2 3.28510E-2 
5.35258E-3 4.16108E-2 1.96168E-2 3.28511E-2 
5.35260E-3 4.16109E-2 1.96169E-2 3.28511E-2 
5.35262E-3 4.16109E-2 1.96169E-2 3.28511E-2 
5.35264E-3 4.16109E-2 1.96169E-2 3.28511E-2 
5.35266E-3 4.16109E-2 1.96169E-2 3.28511E-2 
5.35268E-3 4.16109E-2 1.96169E-2 3.28512E-2 
5.35270E-3 4.16109E-2 1.96170E-2 3.28512E-2 
5.35272E-3 4.16110E-2 1.96170E-2 3.28512E-2 
5.35274E-3 4.16110E-2 1.96170E-2 3.28512E-2 
5.35275E-3 4.16110E-2 1.96170E-2 3.28512E-2 
5.35277E-3 4.16110E-2 1.96170E-2 3.28513E-2 
5.35279E-3 4.16110E-2 1.96170E-2 3.28513E-2 
5.35281E-3 4.16111E-2 1.96171E-2 3.28513E-2 
5.35283E-3 4.16111E-2 1.96171E-2 3.28513E-2 
5.35285E-3 4.16111E-2 1.96171E-2 3.28513E-2 
5.35287E-3 4.16111E-2 1.96171E-2 3.28514E-2 
5.35289E-3 4.16111E-2 1.96171E-2 3.28514E-2 
5.35291E-3 4.16111E-2 1.96171E-2 3.28514E-2 
5.35292E-3 4.16112E-2 1.96172E-2 3.28514E-2 
5.35294E-3 4.16112E-2 1.96172E-2 3.28514E-2 
5.35296E-3 4.16112E-2 1.96172E-2 3.28515E-2 
5.35298E-3 4.16112E-2 1.96172E-2 3.28515E-2 
5.35300E-3 4.16112E-2 1.96172E-2 3.28515E-2 
5.35302E-3 4.16112E-2 1.96173E-2 3.28515E-2 
5.35303E-3 4.16113E-2 1.96173E-2 3.28515E-2 
5.35305E-3 4.16113E-2 1.96173E-2 3.28516E-2 
5.35307E-3 4.16113E-2 1.96173E-2 3.28516E-2 
5.35309E-3 4.16113E-2 1.96173E-2 3.28516E-2 
5.35311E-3 4.16113E-2 1.96173E-2 3.28516E-2 
5.35312E-3 4.16113E-2 1.96174E-2 3.28516E-2 
5.35314E-3 4.16114E-2 1.96174E-2 3.28516E-2 
5.35316E-3 4.16114E-2 1.96174E-2 3.28517E-2 
5.35318E-3 4.16114E-2 1.96174E-2 3.28517E-2 
5.35319E-3 4.16114E-2 1.96174E-2 3.28517E-2 
5.35321E-3 4.16114E-2 1.96174E-2 3.28517E-2 
5.35323E-3 4.16114E-2 1.96175E-2 3.28517E-2 
5.35325E-3 4.16115E-2 1.96175E-2 3.28518E-2 
5.35326E-3 4.16115E-2 1.96175E-2 3.28518E-2 
5.35328E-3 4.16115E-2 1.96175E-2 3.28518E-2 
5.35330E-3 4.16115E-2 1.96175E-2 3.28518E-2 
5.35332E-3 4.16115E-2 1.96175E-2 3.28518E-2 
5.35333E-3 4.16115E-2 1.96175E-2 3.28518E-2 
5.35335E-3 4.16116E-2 1.96176E-2 3.28519E-2 
5.35337E-3 4.16116E-2 1.96176E-2 3.28519E-2 
5.35338E-3 4.16116E-2 1.96176E-2 3.28519E-2 
5.35340E-3 4.16116E-2 1.96176E-2 3.28519E-2 
5.35342E-3 4.16116E-2 1.96176E-2 3.28519E-2 
5.35343E-3 4.16116E-2 1.96176E-2 3.28519E-2 
5.35345E-3 4.16117E-2 1.96177E-2 3.28520E-2 
5.35347E-3 4.16117E-2 1.96177E-2 3.28520E-2 
5.35348E-3 4.16117E-2 1.96177E-2 3.28520E-2 
5.35350E-3 4.16117E-2 1.96177E-2 3.28520E-2 
5.35352E-3 4.16117E-2 1.96177E-2 3.28520E-2 
5.35353E-3 4.16117E-2 1.96177E-2 3.28520E-2 
5.35355E-3 4.16117E-2 1.96177E-2 3.28521E-2 
5.35357E-3 4.16118E-2 1.96178E-2 3.28521E-2 
5.35358E-3 4.16118E-2 1.96178E-2 3.28521E-2 
5.35360E-3 4.16118E-2 1.96178E-2 3.28521E-2 
5.35361E-3 4.16118E-2 1.96178E-2 3.28521E-2 
5.35363E-3 4.16118E-2 1.96178E-2 3.28521E-2 
5.35365E-3 4.16118E-2 1.96178E-2 3.28522E-2 
5.35366E-3 4.16119E-2 1.96179E-2 3.28522E-2 
5.35368E-3 4.16119E-2 1.96179E-2 3.28522E-2 
5.35369E-3 4.16119E-2 1.96179E-2 3.28522E-2 
5.35371E-3 4.16119E-2 1.96179E-2 3.28522E-2 
5.35373E-3 4.16119E-2 1.96179E-2 3.28522E-2 
5.35374E-3 4.16119E-2 1.96179E-2 3.28523E-2 
5.35376E-3 4.16119E-2 1.96179E-2 3.28523E-2 
5.35377E-3 4.16120E-2 1.96180E-2 3.28523E-2 
5.35379E-3 4.16120E-2 1.96180E-2 3.28523E-2 
5.35380E-3 4.16120E-2 1.96180E-2 3.28523E-2 
5.35382E-3 4.16120E-2 1.96180E-2 3.28523E-2 
5.35383E-3 4.16120E-2 1.96180E-2 3.28524E-2 
5.35385E-3 4.16120E-2 1.96180E-2 3.28524E-2 
5.35386E-3 4.16120E-2 1.96180E-2 3.28524E-2 
5.35388E-3 4.16121E-2 1.96181E-2 3.28524E-2 
5.35390E-3 4.16121E-2 1.96181E-2 3.28524E-2 
5.35391E-3 4.16121E-2 1.96181E-2 3.28524E-2 
5.35393E-3 4.16121E-2 1.96181E-2 3.28524E-2 
5.35394E-3 4.16121E-2 1.96181E-2 3.28525E-2 
5.35396E-3 4.16121E-2 1.96181E-2 3.28525E-2 
5.35397E-3 4.16121E-2 1.96181E-2 3.28525E-2 
5.35398E-3 4.16122E-2 1.96182E-2 3.28525E-2 
5.35400E-3 4.16122E-2 1.96182E-2 3.28525E-2 
5.35401E-3 4.16122E-2 1.96182E-2 3.28525E-2 
5.35403E-3 4.16122E-2 1.96182E-2 3.28526E-2 
5.35404E-3 4.16122E-2 1.96182E-2 3.28526E-2 
5.35406E-3 4.16122E-2 1.96182E-2 3.28526E-2 
5.35407E-3 4.16122E-2 1.96182E-2 3.28526E-2 
5.35409E-3 4.16122E-2 1.96183E-2 3.28526E-2 
5.35410E-3 4.16123E-2 1.96183E-2 3.28526E-2 
5.35412E-3 4.16123E-2 1.96183E-2 3.28526E-2 
5.35413E-3 4.16123E-2 1.96183E-2 3.28527E-2 
5.35414E-3 4.16123E-2 1.96183E-2 3.28527E-2 
5.35416E-3 4.16123E-2 1.96183E-2 3.28527E-2 
5.35417E-3 4.16123E-2 1.96183E-2 3.28527E-2 
5.35419E-3 4.16123E-2 1.96183E-2 3.28527E-2 
5.35420E-3 4.16124E-2 1.96184E-2 3.28527E-2 
5.35422E-3 4.16124E-2 1.96184E-2 3.28527E-2 
5.35423E-3 4.16124E-2 1.96184E-2 3.28528E-2 
5.35424E-3 4.16124E-2 1.96184E-2 3.28528E-2 
5.35426E-3 4.16124E-2 1.96184E-2 3.28528E-2 
5.35427E-3 4.16124E-2 1.96184E-2 3.28528E-2 
5.35428E-3 4.16124E-2 1.96184E-2 3.28528E-2 
5.35430E-3 4.16124E-2 1.96184E-2 3.28528E-2 
5.35431E-3 4.16125E-2 1.96185E-2 3.28528E-2 
5.35433E-3 4.16125E-2 1.96185E-2 3.28529E-2 
5.35434E-3 4.16125E-2 1.96185E-2 3.28529E-2 
5.35435E-3 4.16125E-2 1.96185E-2 3.28529E-2 
5.35437E-3 4.16125E-2 1.96185E-2 3.28529E-2 
5.35438E-3 4.16125E-2 1.96185E-2 3.28529E-2 
5.35439E-3 4.16125E-2 1.96185E-2 3.28529E-2 
5.35441E-3 4.16125E-2 1.96185E-2 3.28529E-2 
5.35442E-3 4.16126E-2 1.96186E-2 3.28530E-2 
5.35443E-3 4.16126E-2 1.96186E-2 3.28530E-2 
5.35445E-3 4.16126E-2 1.96186E-2 3.28530E-2 
5.35446E-3 4.16126E-2 1.96186E-2 3.28530E-2 
5.35447E-3 4.16126E-2 1.96186E-2 3.28530E-2 
5.35449E-3 4.16126E-2 1.96186E-2 3.28530E-2 
5.35450E-3 4.16126E-2 1.96186E-2 3.28530E-2 
5.35451E-3 4.16126E-2 1.96186E-2 3.28530E-2 
5.35452E-3 4.16127E-2 1.96187E-2 3.28531E-2 
5.35454E-3 4.16127E-2 1.96187E-2 3.28531E-2 
5.35455E-3 4.16127E-2 1.96187E-2 3.28531E-2 
5.35456E-3 4.16127E-2 1.96187E-2 3.28531E-2 
5.35458E-3 4.16127E-2 1.96187E-2 3.28531E-2 
5.35459E-3 4.16127E-2 1.96187E-2 3.28531E-2 
5.35460E-3 4.16127E-2 1.96187E-2 3.28531E-2 
5.35461E-3 4.16127E-2 1.96187E-2 3.28532E-2 
5.35463E-3 4.16128E-2 1.96188E-2 3.28532E-2 
5.35464E-3 4.16128E-2 1.96188E-2 3.28532E-2 
5.35465E-3 4.16128E-2 1.96188E-2 3.28532E-2 
5.35466E-3 4.16128E-2 1.96188E-2 3.28532E-2 
5.35468E-3 4.16128E-2 1.96188E-2 3.28532E-2 
5.35469E-3 4.16128E-2 1.96188E-2 3.28532E-2 
5.35470E-3 4.16128E-2 1.96188E-2 3.28532E-2 
5.35471E-3 4.16128E-2 1.96188E-2 3.28533E-2 
5.35473E-3 4.16128E-2 1.96188E-2 3.28533E-2 
5.35474E-3 4.16129E-2 1.96189E-2 3.28533E-2 
5.35475E-3 4.16129E-2 1.96189E-2 3.28533E-2 
5.35476E-3 4.16129E-2 1.96189E-2 3.28533E-2 
5.35477E-3 4.16129E-2 1.96189E-2 3.28533E-2 
5.35479E-3 4.16129E-2 1.96189E-2 3.28533E-2 
5.35480E-3 4.16129E-2 1.96189E-2 3.28533E-2 
5.35481E-3 4.16129E-2 1.96189E-2 3.28534E-2 
5.35482E-3 4.16129E-2 1.96189E-2 3.28534E-2 
5.35483E-3 4.16129E-2 1.96189E-2 3.28534E-2 
5.35485E-3 4.16130E-2 1.96190E-2 3.28534E-2 
5.35486E-3 4.16130E-2 1.96190E-2 3.28534E-2 
5.35487E-3 4.16130E-2 1.96190E-2 3.28534E-2 
5.35488E-3 4.16130E-2 1.96190E-2 3.28534E-2 
5.35489E-3 4.16130E-2 1.96190E-2 3.28534E-2 
5.35490E-3 4.16130E-2 1.96190E-2 3.28534E-2 
5.35492E-3 4.16130E-2 1.96190E-2 3.28535E-2 
5.35493E-3 4.16130E-2 1.96190E-2 3.28535E-2 
5.35494E-3 4.16130E-2 1.96190E-2 3.28535E-2 
5.35495E-3 4.16131E-2 1.96191E-2 3.28535E-2 
5.35496E-3 4.16131E-2 1.96191E-2 3.28535E-2 
5.35497E-3 4.16131E-2 1.96191E-2 3.28535E-2 
5.35498E-3 4.16131E-2 1.96191E-2 3.28535E-2 
5.35500E-3 4.16131E-2 1.96191E-2 3.28535E-2 
5.35501E-3 4.16131E-2 1.96191E-2 3.28536E-2 
5.35502E-3 4.16131E-2 1.96191E-2 3.28536E-2 
5.35503E-3 4.16131E-2 1.96191E-2 3.28536E-2 
5.35504E-3 4.16131E-2 1.96191E-2 3.28536E-2 
5.35505E-3 4.16132E-2 1.96192E-2 3.28536E-2 
5.35506E-3 4.16132E-2 1.96192E-2 3.28536E-2 
5.35507E-3 4.16132E-2 1.96192E-2 3.28536E-2 
5.35509E-3 4.16132E-2 1.96192E-2 3.28536E-2 
5.35510E-3 4.16132E-2 1.96192E-2 3.28536E-2 
5.35511E-3 4.16132E-2 1.96192E-2 3.28537E-2 
5.35512E-3 4.16132E-2 1.96192E-2 3.28537E-2 
5.35513E-3 4.16132E-2 1.96192E-2 3.28537E-2 
5.35514E-3 4.16132E-2 1.96192E-2 3.28537E-2 
5.35515E-3 4.16132E-2 1.96192E-2 3.28537E-2 
5.35516E-3 4.16133E-2 1.96193E-2 3.28537E-2 
5.35517E-3 4.16133E-2 1.96193E-2 3.28537E-2 
5.35518E-3 4.16133E-2 1.96193E-2 3.28537E-2 
5.35519E-3 4.16133E-2 1.96193E-2 3.28537E-2 
5.35520E-3 4.16133E-2 1.96193E-2 3.28538E-2 
5.35521E-3 4.16133E-2 1.96193E-2 3.28538E-2 
5.35522E-3 4.16133E-2 1.96193E-2 3.28538E-2 
5.35524E-3 4.16133E-2 1.96193E-2 3.28538E-2 
5.35525E-3 4.16133E-2 1.96193E-2 3.28538E-2 
5.35526E-3 4.16133E-2 1.96193E-2 3.28538E-2 
5.35527E-3 4.16134E-2 1.96194E-2 3.28538E-2 
5.35528E-3 4.16134E-2 1.96194E-2 3.28538E-2 
5.35529E-3 4.16134E-2 1.96194E-2 3.28538E-2 
5.35530E-3 4.16134E-2 1.96194E-2 3.28539E-2 
5.35531E-3 4.16134E-2 1.96194E-2 3.28539E-2 
5.35532E-3 4.16134E-2 1.96194E-2 3.28539E-2 
5.35533E-3 4.16134E-2 1.96194E-2 3.28539E-2 
5.35534E-3 4.16134E-2 1.96194E-2 3.28539E-2 
5.35535E-3 4.16134E-2 1.96194E-2 3.28539E-2 
5.35536E-3 4.16134E-2 1.96194E-2 3.28539E-2 
5.35537E-3 4.16134E-2 1.96194E-2 3.28539E-2 
5.35538E-3 4.16135E-2 1.96195E-2 3.28539E-2 
5.35539E-3 4.16135E-2 1.96195E-2 3.28539E-2 
5.35540E-3 4.16135E-2 1.96195E-2 3.28540E-2 
5.35541E-3 4.16135E-2 1.96195E-2 3.28540E-2 
5.35542E-3 4.16135E-2 1.96195E-2 3.28540E-2 
5.35543E-3 4.16135E-2 1.96195E-2 3.28540E-2 
5.35544E-3 4.16135E-2 1.96195E-2 3.28540E-2 
5.35545E-3 4.16135E-2 1.96195E-2 3.28540E-2 
5.35546E-3 4.16135E-2 1.96195E-2 3.28540E-2 
5.35547E-3 4.16135E-2 1.96195E-2 3.28540E-2 
5.35548E-3 4.16135E-2 1.96195E-2 3.28540E-2 
5.35549E-3 4.16136E-2 1.96196E-2 3.28540E-2 
5.35550E-3 4.16136E-2 1.96196E-2 3.28541E-2 
5.35550E-3 4.16136E-2 1.96196E-2 3.28541E-2 
5.35551E-3 4.16136E-2 1.96196E-2 3.28541E-2 
5.35552E-3 4.16136E-2 1.96196E-2 3.28541E-2 
5.35553E-3 4.16136E-2 1.96196E-2 3.28541E-2 
5.35554E-3 4.16136E-2 1.96196E-2 3.28541E-2 
5.35555E-3 4.16136E-2 1.96196E-2 3.28541E-2 
5.35556E-3 4.16136E-2 1.96196E-2 3.28541E-2 
5.35557E-3 4.16136E-2 1.96196E-2 3.28541E-2 
5.35558E-3 4.16136E-2 1.96196E-2 3.28541E-2 
5.35559E-3 4.16137E-2 1.96197E-2 3.28541E-2 
5.35560E-3 4.16137E-2 1.96197E-2 3.28542E-2 
5.35561E-3 4.16137E-2 1.96197E-2 3.28542E-2 
5.35562E-3 4.16137E-2 1.96197E-2 3.28542E-2 
5.35563E-3 4.16137E-2 1.96197E-2 3.28542E-2 
5.35563E-3 4.16137E-2 1.96197E-2 3.28542E-2 
5.35564E-3 4.16137E-2 1.96197E-2 3.28542E-2 
5.35565E-3 4.16137E-2 1.96197E-2 3.28542E-2 
5.35566E-3 4.16137E-2 1.96197E-2 3.28542E-2 
5.35567E-3 4.16137E-2 1.96197E-2 3.28542E-2 
5.35568E-3 4.16137E-2 1.96197E-2 3.28542E-2 
5.35569E-3 4.16137E-2 1.96197E-2 3.28543E-2 
5.35570E-3 4.16138E-2 1.96198E-2 3.28543E-2 
5.35571E-3 4.16138E-2 1.96198E-2 3.28543E-2 
5.35572E-3 4.16138E-2 1.96198E-2 3.28543E-2 
5.35572E-3 4.16138E-2 1.96198E-2 3.28543E-2 
5.35573E-3 4.16138E-2 1.96198E-2 3.28543E-2 
5.35574E-3 4.16138E-2 1.96198E-2 3.28543E-2 
5.35575E-3 4.16138E-2 1.96198E-2 3.28543E-2 
5.35576E-3 4.16138E-2 1.96198E-2 3.28543E-2 
5.35577E-3 4.16138E-2 1.96198E-2 3.28543E-2 
5.35578E-3 4.16138E-2 1.96198E-2 3.28543E-2 
5.35578E-3 4.16138E-2 1.96198E-2 3.28543E-2 
5.35579E-3 4.16138E-2 1.96198E-2 3.28544E-2 
5.35580E-3 4.16139E-2 1.96199E-2 3.28544E-2 
5.35581E-3 4.16139E-2 1.96199E-2 3.28544E-2 
5.35582E-3 4.16139E-2 1.96199E-2 3.28544E-2 
5.35583E-3 4.16139E-2 1.96199E-2 3.28544E-2 
5.35584E-3 4.16139E-2 1.96199E-2 3.28544E-2 
5.35584E-3 4.16139E-2 1.96199E-2 3.28544E-2 
5.35585E-3 4.16139E-2 1.96199E-2 3.28544E-2 
5.35586E-3 4.16139E-2 1.96199E-2 3.28544E-2 
5.35587E-3 4.16139E-2 1.96199E-2 3.28544E-2 
5.35588E-3 4.16139E-2 1.96199E-2 3.28544E-2 
5.35589E-3 4.16139E-2 1.96199E-2 3.28545E-2 
5.35589E-3 4.16139E-2 1.96199E-2 3.28545E-2 
5.35590E-3 4.16139E-2 1.96199E-2 3.28545E-2 
5.35591E-3 4.16140E-2 1.96200E-2 3.28545E-2 
5.35592E-3 4.16140E-2 1.96200E-2 3.28545E-2 
5.35593E-3 4.16140E-2 1.96200E-2 3.28545E-2 
5.35593E-3 4.16140E-2 1.96200E-2 3.28545E-2 
5.35594E-3 4.16140E-2 1.96200E-2 3.28545E-2 
5.35595E-3 4.16140E-2 1.96200E-2 3.28545E-2 
5.35596E-3 4.16140E-2 1.96200E-2 3.28545E-2 
5.35597E-3 4.16140E-2 1.96200E-2 3.28545E-2 
5.35597E-3 4.16140E-2 1.96200E-2 3.28545E-2 
5.35598E-3 4.16140E-2 1.96200E-2 3.28546E-2 
5.35599E-3 4.16140E-2 1.96200E-2 3.28546E-2 
5.35600E-3 4.16140E-2 1.96200E-2 3.28546E-2 
5.35600E-3 4.16140E-2 1.96200E-2 3.28546E-2 
5.35601E-3 4.16141E-2 1.96200E-2 3.28546E-2 
5.35602E-3 4.16141E-2 1.96201E-2 3.28546E-2 
5.35603E-3 4.16141E-2 1.96201E-2 3.28546E-2 
5.35604E-3 4.16141E-2 1.96201E-2 3.28546E-2 
5.35604E-3 4.16141E-2 1.96201E-2 3.28546E-2 
5.35605E-3 4.16141E-2 1.96201E-2 3.28546E-2 
5.35606E-3 4.16141E-2 1.96201E-2 3.28546E-2 
5.35607E-3 4.16141E-2 1.96201E-2 3.28546E-2 
5.35607E-3 4.16141E-2 1.96201E-2 3.28546E-2 
5.35608E-3 4.16141E-2 1.96201E-2 3.28547E-2 
5.35609E-3 4.16141E-2 1.96201E-2 3.28547E-2 
5.35610E-3 4.16141E-2 1.96201E-2 3.28547E-2 
5.35610E-3 4.16141E-2 1.96201E-2 3.28547E-2 
5.35611E-3 4.16141E-2 1.96201E-2 3.28547E-2 
5.35612E-3 4.16142E-2 1.96201E-2 3.28547E-2 
5.35613E-3 4.16142E-2 1.96202E-2 3.28547E-2 
5.35613E-3 4.16142E-2 1.96202E-2 3.28547E-2 
5.35614E-3 4.16142E-2 1.96202E-2 3.28547E-2 
5.35615E-3 4.16142E-2 1.96202E-2 3.28547E-2 
5.35616E-3 4.16142E-2 1.96202E-2 3.28547E-2 
5.35616E-3 4.16142E-2 1.96202E-2 3.28547E-2 
5.35617E-3 4.16142E-2 1.96202E-2 3.28547E-2 
5.35618E-3 4.16142E-2 1.96202E-2 3.28547E-2 
5.35618E-3 4.16142E-2 1.96202E-2 3.28548E-2 
5.35619E-3 4.16142E-2 1.96202E-2 3.28548E-2 
5.35620E-3 4.16142E-2 1.96202E-2 3.28548E-2 
5.35620E-3 4.16142E-2 1.96202E-2 3.28548E-2 
5.35621E-3 4.16142E-2 1.96202E-2 3.28548E-2 
5.35622E-3 4.16142E-2 1.96202E-2 3.28548E-2 
5.35622E-3 4.16142E-2 1.96202E-2 3.28548E-2 
5.35623E-3 4.16143E-2 1.96203E-2 3.28548E-2 
5.35624E-3 4.16143E-2 1.96203E-2 3.28548E-2 
5.35625E-3 4.16143E-2 1.96203E-2 3.28548E-2 
5.35625E-3 4.16143E-2 1.96203E-2 3.28548E-2 
5.35626E-3 4.16143E-2 1.96203E-2 3.28548E-2 
5.35627E-3 4.16143E-2 1.96203E-2 3.28548E-2 
5.35627E-3 4.16143E-2 1.96203E-2 3.28548E-2 
5.35628E-3 4.16143E-2 1.96203E-2 3.28549E-2 
5.35629E-3 4.16143E-2 1.96203E-2 3.28549E-2 
5.35629E-3 4.16143E-2 1.96203E-2 3.28549E-2 
5.35630E-3 4.16143E-2 1.96203E-2 3.28549E-2 
5.35631E-3 4.16143E-2 1.96203E-2 3.28549E-2 
5.35631E-3 4.16143E-2 1.96203E-2 3.28549E-2 
5.35632E-3 4.16143E-2 1.96203E-2 3.28549E-2 
5.35633E-3 4.16143E-2 1.96203E-2 3.28549E-2 
5.35633E-3 4.16144E-2 1.96204E-2 3.28549E-2 
5.35634E-3 4.16144E-2 1.96204E-2 3.28549E-2 
5.35635E-3 4.16144E-2 1.96204E-2 3.28549E-2 
5.35635E-3 4.16144E-2 1.96204E-2 3.28549E-2 
5.35636E-3 4.16144E-2 1.96204E-2 3.28549E-2 
5.35637E-3 4.16144E-2 1.96204E-2 3.28549E-2 
5.35637E-3 4.16144E-2 1.96204E-2 3.28550E-2 
5.35638E-3 4.16144E-2 1.96204E-2 3.28550E-2 
5.35639E-3 4.16144E-2 1.96204E-2 3.28550E-2 
5.35639E-3 4.16144E-2 1.96204E-2 3.28550E-2 
5.35640E-3 4.16144E-2 1.96204E-2 3.28550E-2 
5.35641E-3 4.16144E-2 1.96204E-2 3.28550E-2 
5.35641E-3 4.16144E-2 1.96204E-2 3.28550E-2 
5.35642E-3 4.16144E-2 1.96204E-2 3.28550E-2 
5.35643E-3 4.16144E-2 1.96204E-2 3.28550E-2 
5.35643E-3 4.16144E-2 1.96204E-2 3.28550E-2 
