      left      right     bottom        top 
1.00000000 1.00000000 1.00000000 1.00000000 

2.81364E-3 3.25296E-3 1.61400E-4 6.86463E-2 
2.86534E-3 4.15281E-3 1.78395E-4 5.93342E-2 
2.71601E-3 4.54293E-3 1.73930E-4 5.82933E-2 
2.83373E-3 5.11944E-3 1.87121E-4 4.75482E-2 
2.75329E-3 5.47436E-3 1.85524E-4 4.69355E-2 
2.76348E-3 5.86441E-3 1.89313E-4 4.33214E-2 
2.73116E-3 6.18648E-3 1.89500E-4 4.19101E-2 
2.71616E-3 6.49654E-3 1.90387E-4 4.03616E-2 
2.69526E-3 6.77870E-3 1.90431E-4 3.92668E-2 
2.67779E-3 7.04421E-3 1.90392E-4 3.83581E-2 
2.66050E-3 7.29250E-3 1.90090E-4 3.76099E-2 
2.64460E-3 7.52663E-3 1.89677E-4 3.69976E-2 
2.62966E-3 7.74770E-3 1.89163E-4 3.64802E-2 
2.61578E-3 7.95713E-3 1.88600E-4 3.60474E-2 
2.60287E-3 8.15587E-3 1.88016E-4 3.56794E-2 
2.59090E-3 8.34482E-3 1.87441E-4 3.53667E-2 
2.57981E-3 8.52469E-3 1.86898E-4 3.50994E-2 
2.56957E-3 8.69612E-3 1.86409E-4 3.48704E-2 
2.56013E-3 8.85965E-3 1.85991E-4 3.46739E-2 
2.55144E-3 9.01575E-3 1.85659E-4 3.45050E-2 
2.54347E-3 9.16485E-3 1.85427E-4 3.43597E-2 
2.53617E-3 9.30734E-3 1.85306E-4 3.42347E-2 
2.52952E-3 9.44355E-3 1.85305E-4 3.41272E-2 
2.52348E-3 9.57382E-3 1.85431E-4 3.40349E-2 
2.51802E-3 9.69844E-3 1.85687E-4 3.39557E-2 
2.51311E-3 9.81767E-3 1.86078E-4 3.38880E-2 
2.50872E-3 9.93178E-3 1.86605E-4 3.38302E-2 
2.50483E-3 1.00410E-2 1.87267E-4 3.37810E-2 
2.50140E-3 1.01456E-2 1.88064E-4 3.37394E-2 
2.49843E-3 1.02457E-2 1.88992E-4 3.37044E-2 
2.49587E-3 1.03416E-2 1.90047E-4 3.36751E-2 
2.49372E-3 1.04335E-2 1.91224E-4 3.36507E-2 
2.49195E-3 1.05216E-2 1.92516E-4 3.36306E-2 
2.49053E-3 1.06061E-2 1.93918E-4 3.36143E-2 
2.48945E-3 1.06870E-2 1.95420E-4 3.36012E-2 
2.48869E-3 1.07647E-2 1.97015E-4 3.35908E-2 
2.48823E-3 1.08392E-2 1.98695E-4 3.35828E-2 
2.48805E-3 1.09107E-2 2.00450E-4 3.35768E-2 
2.48813E-3 1.09794E-2 2.02273E-4 3.35724E-2 
2.48847E-3 1.10454E-2 2.04155E-4 3.35695E-2 
2.48904E-3 1.11089E-2 2.06086E-4 3.35678E-2 
2.48983E-3 1.11699E-2 2.08059E-4 3.35670E-2 
2.49083E-3 1.12287E-2 2.10065E-4 3.35670E-2 
2.49203E-3 1.12853E-2 2.12097E-4 3.35676E-2 
2.49340E-3 1.13398E-2 2.14148E-4 3.35688E-2 
2.49495E-3 1.13924E-2 2.16210E-4 3.35703E-2 
2.49666E-3 1.14432E-2 2.18278E-4 3.35721E-2 
2.49852E-3 1.14923E-2 2.20344E-4 3.35742E-2 
2.50053E-3 1.15397E-2 2.22404E-4 3.35764E-2 
2.50267E-3 1.15857E-2 2.24453E-4 3.35787E-2 
2.50494E-3 1.16302E-2 2.26485E-4 3.35811E-2 
2.50733E-3 1.16734E-2 2.28496E-4 3.35835E-2 
2.50983E-3 1.17153E-2 2.30483E-4 3.35859E-2 
2.51245E-3 1.17560E-2 2.32442E-4 3.35882E-2 
2.51516E-3 1.17956E-2 2.34372E-4 3.35906E-2 
2.51797E-3 1.18341E-2 2.36267E-4 3.35929E-2 
2.52088E-3 1.18717E-2 2.38126E-4 3.35951E-2 
2.52387E-3 1.19083E-2 2.39947E-4 3.35973E-2 
2.52695E-3 1.19440E-2 2.41727E-4 3.35994E-2 
2.53010E-3 1.19789E-2 2.43465E-4 3.36014E-2 
2.53333E-3 1.20130E-2 2.45159E-4 3.36034E-2 
2.53664E-3 1.20463E-2 2.46808E-4 3.36052E-2 
2.54001E-3 1.20789E-2 2.48412E-4 3.36070E-2 
2.54345E-3 1.21108E-2 2.49970E-4 3.36086E-2 
2.54695E-3 1.21421E-2 2.51482E-4 3.36102E-2 
2.55051E-3 1.21727E-2 2.52945E-4 3.36117E-2 
2.55412E-3 1.22027E-2 2.54361E-4 3.36131E-2 
2.55779E-3 1.22322E-2 2.55727E-4 3.36144E-2 
2.56151E-3 1.22612E-2 2.57045E-4 3.36156E-2 
2.56528E-3 1.22896E-2 2.58314E-4 3.36167E-2 
2.56910E-3 1.23175E-2 2.59536E-4 3.36177E-2 
2.57296E-3 1.23449E-2 2.60712E-4 3.36187E-2 
2.57686E-3 1.23719E-2 2.61839E-4 3.36195E-2 
2.58081E-3 1.23984E-2 2.62918E-4 3.36202E-2 
2.58479E-3 1.24246E-2 2.63949E-4 3.36209E-2 
2.58881E-3 1.24506E-2 2.64932E-4 3.36215E-2 
2.59286E-3 1.24762E-2 2.65869E-4 3.36219E-2 
2.59695E-3 1.25014E-2 2.66765E-4 3.36223E-2 
2.60107E-3 1.25268E-2 2.67615E-4 3.36226E-2 
2.60522E-3 1.25517E-2 2.68419E-4 3.36228E-2 
2.60940E-3 1.25762E-2 2.69179E-4 3.36230E-2 
2.61361E-3 1.26002E-2 2.69895E-4 3.36230E-2 
2.61784E-3 1.26239E-2 2.70571E-4 3.36230E-2 
2.62209E-3 1.26478E-2 2.71209E-4 3.36229E-2 
2.62637E-3 1.26713E-2 2.71805E-4 3.36227E-2 
2.63068E-3 1.26944E-2 2.72359E-4 3.36224E-2 
2.63500E-3 1.27171E-2 2.72873E-4 3.36220E-2 
2.63934E-3 1.27398E-2 2.73350E-4 3.36216E-2 
2.64370E-3 1.27627E-2 2.73796E-4 3.36211E-2 
2.64808E-3 1.27853E-2 2.74204E-4 3.36206E-2 
2.65248E-3 1.28076E-2 2.74574E-4 3.36200E-2 
2.65689E-3 1.28295E-2 2.74908E-4 3.36193E-2 
2.66132E-3 1.28515E-2 2.75210E-4 3.36185E-2 
2.66576E-3 1.28733E-2 2.75487E-4 3.36177E-2 
2.67021E-3 1.28949E-2 2.75730E-4 3.36168E-2 
2.67467E-3 1.29161E-2 2.75940E-4 3.36158E-2 
2.67915E-3 1.29373E-2 2.76116E-4 3.36148E-2 
2.68363E-3 1.29584E-2 2.76269E-4 3.36137E-2 
2.68813E-3 1.29793E-2 2.76401E-4 3.36126E-2 
2.69263E-3 1.29999E-2 2.76504E-4 3.36114E-2 
2.69714E-3 1.30204E-2 2.76577E-4 3.36102E-2 
2.70166E-3 1.30409E-2 2.76621E-4 3.36089E-2 
2.70618E-3 1.30610E-2 2.76649E-4 3.36075E-2 
2.71071E-3 1.30811E-2 2.76661E-4 3.36062E-2 
2.71525E-3 1.31010E-2 2.76646E-4 3.36047E-2 
2.71978E-3 1.31208E-2 2.76606E-4 3.36032E-2 
2.72432E-3 1.31404E-2 2.76541E-4 3.36017E-2 
2.72886E-3 1.31599E-2 2.76467E-4 3.36001E-2 
2.73341E-3 1.31794E-2 2.76382E-4 3.35984E-2 
2.73795E-3 1.31987E-2 2.76274E-4 3.35968E-2 
2.74249E-3 1.32180E-2 2.76144E-4 3.35950E-2 
2.74703E-3 1.32373E-2 2.75991E-4 3.35933E-2 
2.75158E-3 1.32563E-2 2.75835E-4 3.35915E-2 
2.75612E-3 1.32752E-2 2.75676E-4 3.35896E-2 
2.76065E-3 1.32938E-2 2.75497E-4 3.35878E-2 
2.76519E-3 1.33121E-2 2.75298E-4 3.35858E-2 
2.76972E-3 1.33303E-2 2.75080E-4 3.35839E-2 
2.77424E-3 1.33482E-2 2.74855E-4 3.35819E-2 
2.77876E-3 1.33660E-2 2.74644E-4 3.35799E-2 
2.78328E-3 1.33835E-2 2.74415E-4 3.35778E-2 
2.78779E-3 1.34008E-2 2.74168E-4 3.35757E-2 
2.79229E-3 1.34179E-2 2.73906E-4 3.35736E-2 
2.79678E-3 1.34354E-2 2.73627E-4 3.35715E-2 
2.80127E-3 1.34528E-2 2.73375E-4 3.35693E-2 
2.80575E-3 1.34700E-2 2.73116E-4 3.35671E-2 
2.81022E-3 1.34870E-2 2.72843E-4 3.35649E-2 
2.81469E-3 1.35039E-2 2.72555E-4 3.35626E-2 
2.81914E-3 1.35207E-2 2.72253E-4 3.35603E-2 
2.82359E-3 1.35372E-2 2.71943E-4 3.35580E-2 
2.82803E-3 1.35537E-2 2.71676E-4 3.35557E-2 
2.83245E-3 1.35699E-2 2.71395E-4 3.35533E-2 
2.83687E-3 1.35860E-2 2.71101E-4 3.35510E-2 
2.84127E-3 1.36020E-2 2.70795E-4 3.35486E-2 
2.84567E-3 1.36178E-2 2.70477E-4 3.35462E-2 
2.85005E-3 1.36335E-2 2.70151E-4 3.35437E-2 
2.85443E-3 1.36491E-2 2.69884E-4 3.35413E-2 
2.85879E-3 1.36645E-2 2.69606E-4 3.35388E-2 
2.86314E-3 1.36797E-2 2.69317E-4 3.35363E-2 
2.86748E-3 1.36949E-2 2.69016E-4 3.35339E-2 
2.87181E-3 1.37099E-2 2.68705E-4 3.35314E-2 
2.87612E-3 1.37247E-2 2.68383E-4 3.35288E-2 
2.88043E-3 1.37395E-2 2.68109E-4 3.35263E-2 
2.88472E-3 1.37541E-2 2.67859E-4 3.35238E-2 
2.88900E-3 1.37686E-2 2.67599E-4 3.35212E-2 
2.89327E-3 1.37829E-2 2.67329E-4 3.35187E-2 
2.89752E-3 1.37972E-2 2.67050E-4 3.35161E-2 
2.90176E-3 1.38113E-2 2.66761E-4 3.35135E-2 
2.90599E-3 1.38253E-2 2.66464E-4 3.35110E-2 
2.91021E-3 1.38392E-2 2.66234E-4 3.35084E-2 
2.91442E-3 1.38529E-2 2.66032E-4 3.35058E-2 
2.91861E-3 1.38666E-2 2.65822E-4 3.35032E-2 
2.92279E-3 1.38801E-2 2.65604E-4 3.35006E-2 
2.92696E-3 1.38936E-2 2.65379E-4 3.34980E-2 
2.93111E-3 1.39069E-2 2.65147E-4 3.34954E-2 
2.93525E-3 1.39201E-2 2.64908E-4 3.34928E-2 
2.93938E-3 1.39332E-2 2.64668E-4 3.34902E-2 
2.94350E-3 1.39462E-2 2.64552E-4 3.34876E-2 
2.94761E-3 1.39592E-2 2.64431E-4 3.34850E-2 
2.95170E-3 1.39720E-2 2.64305E-4 3.34824E-2 
2.95578E-3 1.39847E-2 2.64174E-4 3.34798E-2 
2.95985E-3 1.39973E-2 2.64039E-4 3.34772E-2 
2.96390E-3 1.40098E-2 2.63899E-4 3.34747E-2 
2.96794E-3 1.40223E-2 2.63756E-4 3.34721E-2 
2.97197E-3 1.40352E-2 2.63610E-4 3.34695E-2 
2.97599E-3 1.40480E-2 2.63532E-4 3.34669E-2 
2.98000E-3 1.40607E-2 2.63545E-4 3.34643E-2 
2.98399E-3 1.40733E-2 2.63557E-4 3.34618E-2 
2.98797E-3 1.40859E-2 2.63568E-4 3.34592E-2 
2.99194E-3 1.40983E-2 2.63579E-4 3.34567E-2 
2.99589E-3 1.41107E-2 2.63591E-4 3.34541E-2 
2.99984E-3 1.41230E-2 2.63604E-4 3.34516E-2 
3.00377E-3 1.41353E-2 2.63618E-4 3.34490E-2 
3.00769E-3 1.41474E-2 2.63634E-4 3.34465E-2 
3.01160E-3 1.41595E-2 2.63652E-4 3.34440E-2 
3.01549E-3 1.41715E-2 2.63744E-4 3.34415E-2 
3.01937E-3 1.41835E-2 2.63962E-4 3.34390E-2 
3.02324E-3 1.41953E-2 2.64186E-4 3.34364E-2 
3.02710E-3 1.42071E-2 2.64415E-4 3.34340E-2 
3.03095E-3 1.42188E-2 2.64650E-4 3.34315E-2 
3.03478E-3 1.42305E-2 2.64892E-4 3.34290E-2 
3.03861E-3 1.42421E-2 2.65142E-4 3.34265E-2 
3.04242E-3 1.42536E-2 2.65399E-4 3.34240E-2 
3.04621E-3 1.42650E-2 2.65666E-4 3.34216E-2 
3.05000E-3 1.42764E-2 2.65942E-4 3.34191E-2 
3.05377E-3 1.42877E-2 2.66228E-4 3.34167E-2 
3.05753E-3 1.42990E-2 2.66524E-4 3.34143E-2 
3.06128E-3 1.43102E-2 2.66832E-4 3.34118E-2 
3.06502E-3 1.43213E-2 2.67317E-4 3.34094E-2 
3.06875E-3 1.43323E-2 2.67866E-4 3.34070E-2 
3.07246E-3 1.43433E-2 2.68429E-4 3.34046E-2 
3.07616E-3 1.43543E-2 2.69007E-4 3.34022E-2 
3.07985E-3 1.43651E-2 2.69600E-4 3.33998E-2 
3.08353E-3 1.43760E-2 2.70209E-4 3.33974E-2 
3.08720E-3 1.43867E-2 2.70835E-4 3.33950E-2 
3.09086E-3 1.43974E-2 2.71479E-4 3.33926E-2 
3.09450E-3 1.44080E-2 2.72141E-4 3.33902E-2 
3.09813E-3 1.44186E-2 2.72821E-4 3.33879E-2 
3.10176E-3 1.44291E-2 2.73521E-4 3.33855E-2 
3.10537E-3 1.44396E-2 2.74241E-4 3.33831E-2 
3.10897E-3 1.44500E-2 2.74982E-4 3.33808E-2 
3.11256E-3 1.44604E-2 2.75746E-4 3.33784E-2 
3.11614E-3 1.44707E-2 2.76532E-4 3.33761E-2 
3.11971E-3 1.44809E-2 2.77341E-4 3.33738E-2 
3.12327E-3 1.44911E-2 2.78173E-4 3.33714E-2 
3.12682E-3 1.45012E-2 2.79030E-4 3.33691E-2 
3.13037E-3 1.45113E-2 2.80010E-4 3.33667E-2 
3.13390E-3 1.45214E-2 2.81119E-4 3.33644E-2 
3.13743E-3 1.45313E-2 2.82253E-4 3.33621E-2 
3.14094E-3 1.45413E-2 2.83412E-4 3.33598E-2 
3.14445E-3 1.45512E-2 2.84598E-4 3.33575E-2 
3.14795E-3 1.45610E-2 2.85810E-4 3.33551E-2 
3.15145E-3 1.45708E-2 2.87048E-4 3.33528E-2 
3.15493E-3 1.45805E-2 2.88315E-4 3.33505E-2 
3.15841E-3 1.45902E-2 2.89609E-4 3.33482E-2 
3.16189E-3 1.45998E-2 2.90931E-4 3.33459E-2 
3.16535E-3 1.46094E-2 2.92282E-4 3.33436E-2 
3.16882E-3 1.46190E-2 2.93663E-4 3.33413E-2 
3.17227E-3 1.46285E-2 2.95073E-4 3.33390E-2 
3.17573E-3 1.46379E-2 2.96513E-4 3.33367E-2 
3.17917E-3 1.46473E-2 2.97983E-4 3.33343E-2 
3.18262E-3 1.46567E-2 2.99485E-4 3.33320E-2 
3.18606E-3 1.46660E-2 3.01017E-4 3.33297E-2 
3.18950E-3 1.46753E-2 3.02581E-4 3.33274E-2 
3.19294E-3 1.46845E-2 3.04176E-4 3.33251E-2 
3.19637E-3 1.46940E-2 3.05804E-4 3.33228E-2 
3.19981E-3 1.47035E-2 3.07464E-4 3.33205E-2 
3.20324E-3 1.47129E-2 3.09156E-4 3.33182E-2 
3.20667E-3 1.47223E-2 3.10882E-4 3.33159E-2 
3.21011E-3 1.47316E-2 3.12642E-4 3.33136E-2 
3.21354E-3 1.47409E-2 3.14436E-4 3.33113E-2 
3.21698E-3 1.47502E-2 3.16264E-4 3.33090E-2 
3.22042E-3 1.47594E-2 3.18126E-4 3.33067E-2 
3.22386E-3 1.47686E-2 3.20021E-4 3.33044E-2 
3.22730E-3 1.47777E-2 3.21951E-4 3.33021E-2 
3.23075E-3 1.47868E-2 3.23914E-4 3.32997E-2 
3.23421E-3 1.47958E-2 3.25912E-4 3.32974E-2 
3.23767E-3 1.48048E-2 3.27944E-4 3.32951E-2 
3.24113E-3 1.48138E-2 3.30010E-4 3.32928E-2 
3.24461E-3 1.48227E-2 3.32111E-4 3.32905E-2 
3.24808E-3 1.48316E-2 3.34246E-4 3.32882E-2 
3.25157E-3 1.48405E-2 3.36415E-4 3.32859E-2 
3.25506E-3 1.48493E-2 3.38619E-4 3.32835E-2 
3.25856E-3 1.48580E-2 3.40858E-4 3.32812E-2 
3.26207E-3 1.48667E-2 3.43130E-4 3.32789E-2 
3.26559E-3 1.48754E-2 3.45437E-4 3.32766E-2 
3.26912E-3 1.48841E-2 3.47778E-4 3.32743E-2 
3.27266E-3 1.48927E-2 3.50153E-4 3.32719E-2 
3.27621E-3 1.49012E-2 3.52562E-4 3.32696E-2 
3.27977E-3 1.49097E-2 3.55004E-4 3.32673E-2 
3.28334E-3 1.49182E-2 3.57481E-4 3.32650E-2 
3.28692E-3 1.49266E-2 3.59991E-4 3.32626E-2 
3.29052E-3 1.49350E-2 3.62538E-4 3.32603E-2 
3.29412E-3 1.49434E-2 3.65119E-4 3.32580E-2 
3.29774E-3 1.49517E-2 3.67732E-4 3.32557E-2 
3.30138E-3 1.49600E-2 3.70377E-4 3.32533E-2 
3.30502E-3 1.49682E-2 3.73055E-4 3.32510E-2 
3.30868E-3 1.49764E-2 3.75765E-4 3.32487E-2 
3.31236E-3 1.49846E-2 3.78507E-4 3.32464E-2 
3.31605E-3 1.49927E-2 3.81280E-4 3.32440E-2 
3.31976E-3 1.50008E-2 3.84085E-4 3.32417E-2 
3.32348E-3 1.50088E-2 3.86920E-4 3.32394E-2 
3.32722E-3 1.50168E-2 3.89786E-4 3.32371E-2 
3.33098E-3 1.50248E-2 3.92682E-4 3.32347E-2 
3.33475E-3 1.50327E-2 3.95608E-4 3.32324E-2 
3.33853E-3 1.50405E-2 3.98563E-4 3.32301E-2 
3.34233E-3 1.50484E-2 4.01547E-4 3.32278E-2 
3.34615E-3 1.50562E-2 4.04559E-4 3.32255E-2 
3.34998E-3 1.50639E-2 4.07602E-4 3.32232E-2 
3.35383E-3 1.50716E-2 4.10677E-4 3.32208E-2 
3.35770E-3 1.50793E-2 4.13779E-4 3.32185E-2 
3.36158E-3 1.50869E-2 4.16909E-4 3.32162E-2 
3.36548E-3 1.50945E-2 4.20065E-4 3.32139E-2 
3.36939E-3 1.51020E-2 4.23247E-4 3.32116E-2 
3.37332E-3 1.51096E-2 4.26454E-4 3.32093E-2 
3.37727E-3 1.51170E-2 4.29687E-4 3.32070E-2 
3.38123E-3 1.51244E-2 4.32944E-4 3.32047E-2 
3.38521E-3 1.51318E-2 4.36225E-4 3.32024E-2 
3.38921E-3 1.51392E-2 4.39530E-4 3.32001E-2 
3.39322E-3 1.51465E-2 4.42858E-4 3.31978E-2 
3.39726E-3 1.51537E-2 4.46208E-4 3.31956E-2 
3.40131E-3 1.51609E-2 4.49581E-4 3.31933E-2 
3.40537E-3 1.51681E-2 4.52985E-4 3.31910E-2 
3.40945E-3 1.51752E-2 4.56410E-4 3.31887E-2 
3.41355E-3 1.51823E-2 4.59857E-4 3.31865E-2 
3.41766E-3 1.51894E-2 4.63323E-4 3.31842E-2 
3.42178E-3 1.51964E-2 4.66809E-4 3.31819E-2 
3.42592E-3 1.52034E-2 4.70314E-4 3.31797E-2 
3.43007E-3 1.52103E-2 4.73837E-4 3.31775E-2 
3.43424E-3 1.52172E-2 4.77378E-4 3.31752E-2 
3.43842E-3 1.52240E-2 4.80937E-4 3.31730E-2 
3.44261E-3 1.52308E-2 4.84513E-4 3.31707E-2 
3.44681E-3 1.52376E-2 4.88105E-4 3.31685E-2 
3.45103E-3 1.52443E-2 4.91727E-4 3.31663E-2 
3.45526E-3 1.52510E-2 4.95365E-4 3.31641E-2 
3.45951E-3 1.52576E-2 4.99019E-4 3.31619E-2 
3.46378E-3 1.52642E-2 5.02687E-4 3.31597E-2 
3.46805E-3 1.52708E-2 5.06368E-4 3.31575E-2 
3.47234E-3 1.52773E-2 5.10063E-4 3.31553E-2 
3.47663E-3 1.52838E-2 5.13771E-4 3.31531E-2 
3.48094E-3 1.52902E-2 5.17491E-4 3.31510E-2 
3.48526E-3 1.52966E-2 5.21223E-4 3.31488E-2 
3.48958E-3 1.53030E-2 5.24970E-4 3.31466E-2 
3.49392E-3 1.53093E-2 5.28744E-4 3.31445E-2 
3.49826E-3 1.53156E-2 5.32529E-4 3.31423E-2 
3.50261E-3 1.53218E-2 5.36324E-4 3.31402E-2 
3.50697E-3 1.53280E-2 5.40128E-4 3.31381E-2 
3.51133E-3 1.53341E-2 5.43941E-4 3.31359E-2 
3.51570E-3 1.53402E-2 5.47762E-4 3.31338E-2 
3.52008E-3 1.53463E-2 5.51591E-4 3.31317E-2 
3.52446E-3 1.53523E-2 5.55427E-4 3.31296E-2 
3.52887E-3 1.53583E-2 5.59272E-4 3.31275E-2 
3.53328E-3 1.53643E-2 5.63149E-4 3.31254E-2 
3.53769E-3 1.53702E-2 5.67031E-4 3.31234E-2 
3.54211E-3 1.53761E-2 5.70919E-4 3.31213E-2 
3.54653E-3 1.53819E-2 5.74812E-4 3.31192E-2 
3.55095E-3 1.53877E-2 5.78709E-4 3.31172E-2 
3.55537E-3 1.53934E-2 5.82611E-4 3.31151E-2 
3.55980E-3 1.53992E-2 5.86516E-4 3.31131E-2 
3.56422E-3 1.54048E-2 5.90425E-4 3.31111E-2 
3.56865E-3 1.54105E-2 5.94337E-4 3.31091E-2 
3.57308E-3 1.54161E-2 5.98284E-4 3.31070E-2 
3.57751E-3 1.54216E-2 6.02233E-4 3.31050E-2 
3.58193E-3 1.54271E-2 6.06183E-4 3.31030E-2 
3.58636E-3 1.54326E-2 6.10135E-4 3.31011E-2 
3.59078E-3 1.54381E-2 6.14087E-4 3.30991E-2 
3.59523E-3 1.54435E-2 6.18039E-4 3.30971E-2 
3.59967E-3 1.54488E-2 6.21991E-4 3.30952E-2 
3.60411E-3 1.54542E-2 6.25943E-4 3.30932E-2 
3.60855E-3 1.54594E-2 6.29893E-4 3.30913E-2 
3.61298E-3 1.54647E-2 6.33855E-4 3.30893E-2 
3.61741E-3 1.54699E-2 6.37841E-4 3.30874E-2 
3.62183E-3 1.54751E-2 6.41826E-4 3.30855E-2 
3.62625E-3 1.54802E-2 6.45808E-4 3.30836E-2 
3.63066E-3 1.54853E-2 6.49786E-4 3.30817E-2 
3.63507E-3 1.54904E-2 6.53762E-4 3.30798E-2 
3.63947E-3 1.54954E-2 6.57733E-4 3.30779E-2 
3.64386E-3 1.55004E-2 6.61700E-4 3.30760E-2 
3.64825E-3 1.55054E-2 6.65662E-4 3.30741E-2 
3.65262E-3 1.55103E-2 6.69619E-4 3.30722E-2 
3.65699E-3 1.55152E-2 6.73571E-4 3.30704E-2 
3.66135E-3 1.55201E-2 6.77517E-4 3.30685E-2 
3.66570E-3 1.55249E-2 6.81502E-4 3.30667E-2 
3.67006E-3 1.55297E-2 6.85481E-4 3.30649E-2 
3.67443E-3 1.55344E-2 6.89452E-4 3.30630E-2 
3.67878E-3 1.55391E-2 6.93416E-4 3.30612E-2 
3.68312E-3 1.55438E-2 6.97373E-4 3.30594E-2 
3.68745E-3 1.55485E-2 7.01321E-4 3.30576E-2 
3.69177E-3 1.55531E-2 7.05261E-4 3.30558E-2 
3.69608E-3 1.55577E-2 7.09192E-4 3.30540E-2 
3.70038E-3 1.55622E-2 7.13114E-4 3.30523E-2 
3.70466E-3 1.55667E-2 7.17026E-4 3.30505E-2 
3.70893E-3 1.55712E-2 7.20929E-4 3.30487E-2 
3.71319E-3 1.55756E-2 7.24821E-4 3.30470E-2 
3.71743E-3 1.55800E-2 7.28703E-4 3.30452E-2 
3.72166E-3 1.55845E-2 7.32574E-4 3.30435E-2 
3.72588E-3 1.55889E-2 7.36450E-4 3.30417E-2 
3.73008E-3 1.55933E-2 7.40347E-4 3.30400E-2 
3.73427E-3 1.55977E-2 7.44232E-4 3.30383E-2 
3.73844E-3 1.56021E-2 7.48106E-4 3.30366E-2 
3.74260E-3 1.56064E-2 7.51966E-4 3.30349E-2 
3.74674E-3 1.56107E-2 7.55814E-4 3.30332E-2 
3.75087E-3 1.56150E-2 7.59649E-4 3.30315E-2 
3.75498E-3 1.56192E-2 7.63470E-4 3.30298E-2 
3.75911E-3 1.56234E-2 7.67278E-4 3.30281E-2 
3.76323E-3 1.56276E-2 7.71072E-4 3.30264E-2 
3.76733E-3 1.56317E-2 7.74852E-4 3.30248E-2 
3.77141E-3 1.56358E-2 7.78617E-4 3.30231E-2 
3.77548E-3 1.56399E-2 7.82367E-4 3.30215E-2 
3.77952E-3 1.56439E-2 7.86103E-4 3.30198E-2 
3.78356E-3 1.56479E-2 7.89823E-4 3.30182E-2 
3.78757E-3 1.56519E-2 7.93527E-4 3.30166E-2 
3.79156E-3 1.56559E-2 7.97216E-4 3.30149E-2 
3.79554E-3 1.56598E-2 8.00889E-4 3.30133E-2 
3.79950E-3 1.56637E-2 8.04546E-4 3.30117E-2 
3.80344E-3 1.56675E-2 8.08186E-4 3.30101E-2 
3.80736E-3 1.56714E-2 8.11809E-4 3.30085E-2 
3.81127E-3 1.56752E-2 8.15416E-4 3.30069E-2 
3.81515E-3 1.56790E-2 8.19025E-4 3.30053E-2 
3.81901E-3 1.56827E-2 8.22644E-4 3.30038E-2 
3.82286E-3 1.56864E-2 8.26246E-4 3.30022E-2 
3.82669E-3 1.56901E-2 8.29830E-4 3.30006E-2 
3.83049E-3 1.56938E-2 8.33395E-4 3.29991E-2 
3.83428E-3 1.56974E-2 8.36943E-4 3.29975E-2 
3.83805E-3 1.57010E-2 8.40472E-4 3.29960E-2 
3.84179E-3 1.57046E-2 8.44083E-4 3.29944E-2 
3.84552E-3 1.57082E-2 8.47686E-4 3.29929E-2 
3.84923E-3 1.57117E-2 8.51269E-4 3.29914E-2 
3.85291E-3 1.57152E-2 8.54833E-4 3.29899E-2 
3.85658E-3 1.57187E-2 8.58377E-4 3.29884E-2 
3.86023E-3 1.57222E-2 8.61901E-4 3.29869E-2 
3.86385E-3 1.57256E-2 8.65404E-4 3.29854E-2 
3.86750E-3 1.57290E-2 8.68888E-4 3.29839E-2 
3.87113E-3 1.57324E-2 8.72352E-4 3.29824E-2 
3.87473E-3 1.57357E-2 8.75794E-4 3.29809E-2 
3.87832E-3 1.57390E-2 8.79217E-4 3.29795E-2 
3.88188E-3 1.57423E-2 8.82618E-4 3.29780E-2 
3.88543E-3 1.57456E-2 8.85999E-4 3.29765E-2 
3.88895E-3 1.57488E-2 8.89359E-4 3.29751E-2 
3.89245E-3 1.57521E-2 8.92697E-4 3.29736E-2 
3.89593E-3 1.57553E-2 8.96015E-4 3.29722E-2 
3.89939E-3 1.57584E-2 8.99311E-4 3.29708E-2 
3.90283E-3 1.57616E-2 9.02586E-4 3.29694E-2 
3.90624E-3 1.57647E-2 9.05839E-4 3.29680E-2 
3.90964E-3 1.57678E-2 9.09071E-4 3.29665E-2 
3.91301E-3 1.57709E-2 9.12281E-4 3.29651E-2 
3.91636E-3 1.57739E-2 9.15470E-4 3.29638E-2 
3.91969E-3 1.57770E-2 9.18636E-4 3.29624E-2 
3.92300E-3 1.57800E-2 9.21781E-4 3.29610E-2 
3.92629E-3 1.57830E-2 9.24904E-4 3.29596E-2 
3.92956E-3 1.57859E-2 9.28006E-4 3.29583E-2 
3.93280E-3 1.57889E-2 9.31085E-4 3.29569E-2 
3.93602E-3 1.57918E-2 9.34142E-4 3.29555E-2 
3.93922E-3 1.57947E-2 9.37178E-4 3.29542E-2 
3.94240E-3 1.57976E-2 9.40191E-4 3.29529E-2 
3.94556E-3 1.58004E-2 9.43182E-4 3.29515E-2 
3.94870E-3 1.58032E-2 9.46151E-4 3.29502E-2 
3.95182E-3 1.58060E-2 9.49098E-4 3.29489E-2 
3.95491E-3 1.58088E-2 9.52023E-4 3.29476E-2 
3.95798E-3 1.58116E-2 9.54949E-4 3.29463E-2 
3.96103E-3 1.58143E-2 9.57866E-4 3.29450E-2 
3.96406E-3 1.58170E-2 9.60761E-4 3.29437E-2 
3.96707E-3 1.58197E-2 9.63634E-4 3.29424E-2 
3.97006E-3 1.58224E-2 9.66484E-4 3.29412E-2 
3.97302E-3 1.58251E-2 9.69312E-4 3.29399E-2 
3.97597E-3 1.58277E-2 9.72117E-4 3.29386E-2 
3.97889E-3 1.58303E-2 9.74900E-4 3.29374E-2 
3.98179E-3 1.58329E-2 9.77661E-4 3.29362E-2 
3.98467E-3 1.58355E-2 9.80400E-4 3.29349E-2 
3.98753E-3 1.58380E-2 9.83117E-4 3.29337E-2 
3.99037E-3 1.58405E-2 9.85811E-4 3.29325E-2 
3.99318E-3 1.58431E-2 9.88484E-4 3.29313E-2 
3.99598E-3 1.58455E-2 9.91134E-4 3.29300E-2 
3.99875E-3 1.58480E-2 9.93763E-4 3.29288E-2 
4.00151E-3 1.58505E-2 9.96369E-4 3.29277E-2 
4.00424E-3 1.58529E-2 9.98954E-4 3.29265E-2 
4.00695E-3 1.58553E-2 1.00151E-3 3.29253E-2 
4.00967E-3 1.58577E-2 1.00405E-3 3.29241E-2 
4.01238E-3 1.58601E-2 1.00657E-3 3.29230E-2 
4.01507E-3 1.58624E-2 1.00907E-3 3.29218E-2 
4.01774E-3 1.58648E-2 1.01155E-3 3.29207E-2 
4.02038E-3 1.58671E-2 1.01400E-3 3.29195E-2 
4.02301E-3 1.58694E-2 1.01643E-3 3.29184E-2 
4.02561E-3 1.58717E-2 1.01885E-3 3.29173E-2 
4.02820E-3 1.58739E-2 1.02124E-3 3.29161E-2 
4.03076E-3 1.58762E-2 1.02361E-3 3.29150E-2 
4.03330E-3 1.58784E-2 1.02596E-3 3.29139E-2 
4.03583E-3 1.58806E-2 1.02828E-3 3.29128E-2 
4.03833E-3 1.58828E-2 1.03059E-3 3.29117E-2 
4.04081E-3 1.58849E-2 1.03288E-3 3.29106E-2 
4.04328E-3 1.58871E-2 1.03514E-3 3.29096E-2 
4.04572E-3 1.58892E-2 1.03739E-3 3.29085E-2 
4.04814E-3 1.58913E-2 1.03961E-3 3.29074E-2 
4.05054E-3 1.58934E-2 1.04182E-3 3.29064E-2 
4.05292E-3 1.58955E-2 1.04400E-3 3.29053E-2 
4.05529E-3 1.58976E-2 1.04616E-3 3.29043E-2 
4.05763E-3 1.58996E-2 1.04831E-3 3.29033E-2 
4.05995E-3 1.59016E-2 1.05043E-3 3.29022E-2 
4.06226E-3 1.59037E-2 1.05253E-3 3.29012E-2 
4.06454E-3 1.59057E-2 1.05462E-3 3.29002E-2 
4.06681E-3 1.59076E-2 1.05668E-3 3.28992E-2 
4.06905E-3 1.59096E-2 1.05873E-3 3.28982E-2 
4.07128E-3 1.59115E-2 1.06075E-3 3.28972E-2 
4.07349E-3 1.59135E-2 1.06276E-3 3.28962E-2 
4.07568E-3 1.59154E-2 1.06475E-3 3.28952E-2 
4.07784E-3 1.59173E-2 1.06672E-3 3.28943E-2 
4.08000E-3 1.59192E-2 1.06867E-3 3.28933E-2 
4.08213E-3 1.59210E-2 1.07060E-3 3.28923E-2 
4.08424E-3 1.59229E-2 1.07251E-3 3.28914E-2 
4.08634E-3 1.59247E-2 1.07440E-3 3.28905E-2 
4.08841E-3 1.59265E-2 1.07628E-3 3.28895E-2 
4.09047E-3 1.59284E-2 1.07814E-3 3.28886E-2 
4.09251E-3 1.59301E-2 1.07997E-3 3.28877E-2 
4.09453E-3 1.59319E-2 1.08180E-3 3.28867E-2 
4.09654E-3 1.59337E-2 1.08360E-3 3.28858E-2 
4.09853E-3 1.59354E-2 1.08539E-3 3.28849E-2 
4.10049E-3 1.59371E-2 1.08715E-3 3.28840E-2 
4.10244E-3 1.59389E-2 1.08890E-3 3.28831E-2 
4.10438E-3 1.59406E-2 1.09064E-3 3.28823E-2 
4.10629E-3 1.59423E-2 1.09235E-3 3.28814E-2 
4.10819E-3 1.59439E-2 1.09405E-3 3.28805E-2 
4.11007E-3 1.59456E-2 1.09573E-3 3.28796E-2 
4.11194E-3 1.59472E-2 1.09740E-3 3.28788E-2 
4.11378E-3 1.59489E-2 1.09905E-3 3.28779E-2 
4.11561E-3 1.59505E-2 1.10068E-3 3.28771E-2 
4.11743E-3 1.59521E-2 1.10230E-3 3.28763E-2 
4.11922E-3 1.59537E-2 1.10390E-3 3.28754E-2 
4.12100E-3 1.59552E-2 1.10548E-3 3.28746E-2 
4.12277E-3 1.59568E-2 1.10705E-3 3.28738E-2 
4.12451E-3 1.59584E-2 1.10860E-3 3.28730E-2 
4.12624E-3 1.59599E-2 1.11013E-3 3.28722E-2 
4.12796E-3 1.59614E-2 1.11165E-3 3.28714E-2 
4.12966E-3 1.59629E-2 1.11316E-3 3.28706E-2 
4.13134E-3 1.59644E-2 1.11465E-3 3.28698E-2 
4.13301E-3 1.59659E-2 1.11612E-3 3.28690E-2 
4.13466E-3 1.59674E-2 1.11758E-3 3.28682E-2 
4.13629E-3 1.59688E-2 1.11902E-3 3.28674E-2 
4.13791E-3 1.59703E-2 1.12045E-3 3.28667E-2 
4.13952E-3 1.59717E-2 1.12187E-3 3.28659E-2 
4.14111E-3 1.59731E-2 1.12327E-3 3.28652E-2 
4.14268E-3 1.59746E-2 1.12465E-3 3.28644E-2 
4.14424E-3 1.59760E-2 1.12602E-3 3.28637E-2 
4.14578E-3 1.59773E-2 1.12738E-3 3.28629E-2 
4.14731E-3 1.59787E-2 1.12872E-3 3.28622E-2 
4.14883E-3 1.59801E-2 1.13005E-3 3.28615E-2 
4.15033E-3 1.59814E-2 1.13136E-3 3.28608E-2 
4.15181E-3 1.59828E-2 1.13267E-3 3.28601E-2 
4.15328E-3 1.59841E-2 1.13395E-3 3.28594E-2 
4.15474E-3 1.59854E-2 1.13523E-3 3.28587E-2 
4.15618E-3 1.59867E-2 1.13649E-3 3.28580E-2 
4.15761E-3 1.59880E-2 1.13774E-3 3.28573E-2 
4.15903E-3 1.59893E-2 1.13897E-3 3.28566E-2 
4.16043E-3 1.59906E-2 1.14019E-3 3.28559E-2 
4.16181E-3 1.59918E-2 1.14140E-3 3.28552E-2 
4.16319E-3 1.59931E-2 1.14260E-3 3.28546E-2 
4.16455E-3 1.59943E-2 1.14378E-3 3.28539E-2 
4.16589E-3 1.59956E-2 1.14495E-3 3.28533E-2 
4.16723E-3 1.59968E-2 1.14611E-3 3.28526E-2 
4.16855E-3 1.59980E-2 1.14725E-3 3.28520E-2 
4.16986E-3 1.59992E-2 1.14839E-3 3.28513E-2 
4.17115E-3 1.60004E-2 1.14951E-3 3.28507E-2 
4.17243E-3 1.60016E-2 1.15062E-3 3.28501E-2 
4.17370E-3 1.60027E-2 1.15172E-3 3.28494E-2 
4.17496E-3 1.60039E-2 1.15280E-3 3.28488E-2 
4.17620E-3 1.60050E-2 1.15388E-3 3.28482E-2 
4.17743E-3 1.60062E-2 1.15494E-3 3.28476E-2 
4.17865E-3 1.60073E-2 1.15599E-3 3.28470E-2 
4.17986E-3 1.60084E-2 1.15703E-3 3.28464E-2 
4.18105E-3 1.60095E-2 1.15806E-3 3.28458E-2 
4.18224E-3 1.60106E-2 1.15908E-3 3.28452E-2 
4.18341E-3 1.60117E-2 1.16009E-3 3.28446E-2 
4.18457E-3 1.60128E-2 1.16109E-3 3.28440E-2 
4.18571E-3 1.60139E-2 1.16207E-3 3.28435E-2 
4.18685E-3 1.60150E-2 1.16305E-3 3.28429E-2 
4.18798E-3 1.60160E-2 1.16401E-3 3.28423E-2 
4.18909E-3 1.60171E-2 1.16497E-3 3.28418E-2 
4.19019E-3 1.60181E-2 1.16591E-3 3.28412E-2 
4.19128E-3 1.60191E-2 1.16684E-3 3.28407E-2 
4.19236E-3 1.60201E-2 1.16777E-3 3.28401E-2 
4.19343E-3 1.60212E-2 1.16868E-3 3.28396E-2 
4.19449E-3 1.60222E-2 1.16959E-3 3.28391E-2 
4.19554E-3 1.60232E-2 1.17048E-3 3.28385E-2 
4.19658E-3 1.60241E-2 1.17136E-3 3.28380E-2 
4.19761E-3 1.60251E-2 1.17224E-3 3.28375E-2 
4.19862E-3 1.60261E-2 1.17310E-3 3.28370E-2 
4.19963E-3 1.60270E-2 1.17396E-3 3.28365E-2 
4.20062E-3 1.60280E-2 1.17481E-3 3.28360E-2 
4.20161E-3 1.60289E-2 1.17564E-3 3.28355E-2 
4.20259E-3 1.60299E-2 1.17647E-3 3.28350E-2 
4.20355E-3 1.60308E-2 1.17729E-3 3.28345E-2 
4.20451E-3 1.60317E-2 1.17810E-3 3.28340E-2 
4.20546E-3 1.60326E-2 1.17890E-3 3.28335E-2 
4.20639E-3 1.60335E-2 1.17969E-3 3.28330E-2 
4.20732E-3 1.60344E-2 1.18048E-3 3.28325E-2 
4.20824E-3 1.60353E-2 1.18125E-3 3.28321E-2 
4.20915E-3 1.60362E-2 1.18202E-3 3.28316E-2 
4.21005E-3 1.60371E-2 1.18278E-3 3.28311E-2 
4.21094E-3 1.60379E-2 1.18353E-3 3.28307E-2 
4.21182E-3 1.60388E-2 1.18427E-3 3.28302E-2 
4.21270E-3 1.60397E-2 1.18500E-3 3.28298E-2 
4.21357E-3 1.60405E-2 1.18573E-3 3.28293E-2 
4.21444E-3 1.60413E-2 1.18644E-3 3.28289E-2 
4.21530E-3 1.60422E-2 1.18715E-3 3.28284E-2 
4.21616E-3 1.60430E-2 1.18785E-3 3.28280E-2 
4.21700E-3 1.60438E-2 1.18855E-3 3.28276E-2 
4.21783E-3 1.60446E-2 1.18923E-3 3.28272E-2 
4.21866E-3 1.60454E-2 1.18991E-3 3.28267E-2 
4.21948E-3 1.60462E-2 1.19058E-3 3.28263E-2 
4.22029E-3 1.60470E-2 1.19125E-3 3.28259E-2 
4.22109E-3 1.60478E-2 1.19190E-3 3.28255E-2 
4.22188E-3 1.60485E-2 1.19255E-3 3.28251E-2 
4.22267E-3 1.60493E-2 1.19320E-3 3.28247E-2 
4.22345E-3 1.60501E-2 1.19383E-3 3.28243E-2 
4.22422E-3 1.60508E-2 1.19446E-3 3.28239E-2 
4.22498E-3 1.60516E-2 1.19508E-3 3.28235E-2 
4.22573E-3 1.60523E-2 1.19570E-3 3.28231E-2 
4.22648E-3 1.60530E-2 1.19632E-3 3.28227E-2 
4.22721E-3 1.60538E-2 1.19692E-3 3.28223E-2 
4.22795E-3 1.60545E-2 1.19752E-3 3.28220E-2 
4.22867E-3 1.60552E-2 1.19812E-3 3.28216E-2 
4.22939E-3 1.60559E-2 1.19871E-3 3.28212E-2 
4.23009E-3 1.60566E-2 1.19929E-3 3.28209E-2 
4.23080E-3 1.60573E-2 1.19986E-3 3.28205E-2 
4.23149E-3 1.60580E-2 1.20043E-3 3.28201E-2 
4.23218E-3 1.60587E-2 1.20100E-3 3.28198E-2 
4.23286E-3 1.60594E-2 1.20155E-3 3.28194E-2 
4.23353E-3 1.60600E-2 1.20210E-3 3.28191E-2 
4.23420E-3 1.60607E-2 1.20265E-3 3.28187E-2 
4.23486E-3 1.60614E-2 1.20318E-3 3.28184E-2 
4.23551E-3 1.60620E-2 1.20372E-3 3.28180E-2 
4.23616E-3 1.60627E-2 1.20424E-3 3.28177E-2 
4.23680E-3 1.60633E-2 1.20476E-3 3.28174E-2 
4.23743E-3 1.60639E-2 1.20528E-3 3.28170E-2 
4.23806E-3 1.60646E-2 1.20579E-3 3.28167E-2 
4.23868E-3 1.60652E-2 1.20629E-3 3.28164E-2 
4.23929E-3 1.60658E-2 1.20679E-3 3.28161E-2 
4.23990E-3 1.60664E-2 1.20728E-3 3.28158E-2 
4.24050E-3 1.60671E-2 1.20776E-3 3.28154E-2 
4.24110E-3 1.60677E-2 1.20825E-3 3.28151E-2 
4.24169E-3 1.60683E-2 1.20872E-3 3.28148E-2 
4.24227E-3 1.60689E-2 1.20919E-3 3.28145E-2 
4.24285E-3 1.60695E-2 1.20966E-3 3.28142E-2 
4.24342E-3 1.60700E-2 1.21012E-3 3.28139E-2 
4.24399E-3 1.60706E-2 1.21057E-3 3.28136E-2 
4.24455E-3 1.60712E-2 1.21102E-3 3.28133E-2 
4.24510E-3 1.60718E-2 1.21147E-3 3.28130E-2 
4.24565E-3 1.60723E-2 1.21191E-3 3.28127E-2 
4.24620E-3 1.60729E-2 1.21234E-3 3.28125E-2 
4.24673E-3 1.60734E-2 1.21278E-3 3.28122E-2 
4.24727E-3 1.60740E-2 1.21320E-3 3.28119E-2 
4.24779E-3 1.60745E-2 1.21362E-3 3.28116E-2 
4.24831E-3 1.60751E-2 1.21404E-3 3.28113E-2 
4.24883E-3 1.60756E-2 1.21445E-3 3.28111E-2 
4.24934E-3 1.60761E-2 1.21486E-3 3.28108E-2 
4.24985E-3 1.60767E-2 1.21526E-3 3.28105E-2 
4.25035E-3 1.60772E-2 1.21566E-3 3.28103E-2 
4.25084E-3 1.60777E-2 1.21605E-3 3.28100E-2 
4.25134E-3 1.60782E-2 1.21644E-3 3.28097E-2 
4.25182E-3 1.60787E-2 1.21683E-3 3.28095E-2 
4.25230E-3 1.60792E-2 1.21721E-3 3.28092E-2 
4.25278E-3 1.60797E-2 1.21759E-3 3.28090E-2 
4.25325E-3 1.60802E-2 1.21796E-3 3.28087E-2 
4.25371E-3 1.60807E-2 1.21833E-3 3.28085E-2 
4.25418E-3 1.60812E-2 1.21869E-3 3.28082E-2 
4.25463E-3 1.60817E-2 1.21905E-3 3.28080E-2 
4.25508E-3 1.60822E-2 1.21941E-3 3.28077E-2 
4.25553E-3 1.60827E-2 1.21976E-3 3.28075E-2 
4.25598E-3 1.60831E-2 1.22011E-3 3.28073E-2 
4.25641E-3 1.60836E-2 1.22045E-3 3.28070E-2 
4.25685E-3 1.60841E-2 1.22080E-3 3.28068E-2 
4.25728E-3 1.60845E-2 1.22113E-3 3.28066E-2 
4.25770E-3 1.60850E-2 1.22147E-3 3.28063E-2 
4.25812E-3 1.60854E-2 1.22180E-3 3.28061E-2 
4.25854E-3 1.60859E-2 1.22212E-3 3.28059E-2 
4.25895E-3 1.60863E-2 1.22245E-3 3.28057E-2 
4.25936E-3 1.60868E-2 1.22277E-3 3.28054E-2 
4.25977E-3 1.60872E-2 1.22308E-3 3.28052E-2 
4.26017E-3 1.60876E-2 1.22339E-3 3.28050E-2 
4.26056E-3 1.60881E-2 1.22370E-3 3.28048E-2 
4.26095E-3 1.60885E-2 1.22401E-3 3.28046E-2 
4.26134E-3 1.60889E-2 1.22431E-3 3.28044E-2 
4.26173E-3 1.60893E-2 1.22461E-3 3.28042E-2 
4.26211E-3 1.60898E-2 1.22490E-3 3.28040E-2 
4.26248E-3 1.60902E-2 1.22520E-3 3.28038E-2 
4.26286E-3 1.60906E-2 1.22549E-3 3.28036E-2 
4.26322E-3 1.60910E-2 1.22577E-3 3.28034E-2 
4.26359E-3 1.60914E-2 1.22605E-3 3.28032E-2 
4.26395E-3 1.60918E-2 1.22633E-3 3.28030E-2 
4.26431E-3 1.60922E-2 1.22661E-3 3.28028E-2 
4.26466E-3 1.60926E-2 1.22688E-3 3.28026E-2 
4.26501E-3 1.60930E-2 1.22715E-3 3.28024E-2 
4.26536E-3 1.60933E-2 1.22742E-3 3.28022E-2 
4.26570E-3 1.60937E-2 1.22769E-3 3.28020E-2 
4.26604E-3 1.60941E-2 1.22795E-3 3.28018E-2 
4.26638E-3 1.60945E-2 1.22821E-3 3.28016E-2 
4.26671E-3 1.60949E-2 1.22846E-3 3.28015E-2 
4.26704E-3 1.60952E-2 1.22872E-3 3.28013E-2 
4.26737E-3 1.60956E-2 1.22897E-3 3.28011E-2 
4.26769E-3 1.60960E-2 1.22921E-3 3.28009E-2 
4.26801E-3 1.60963E-2 1.22946E-3 3.28007E-2 
4.26833E-3 1.60967E-2 1.22970E-3 3.28006E-2 
4.26864E-3 1.60970E-2 1.22994E-3 3.28004E-2 
4.26896E-3 1.60974E-2 1.23018E-3 3.28002E-2 
4.26926E-3 1.60977E-2 1.23041E-3 3.28001E-2 
4.26957E-3 1.60981E-2 1.23064E-3 3.27999E-2 
4.26987E-3 1.60984E-2 1.23087E-3 3.27997E-2 
4.27017E-3 1.60988E-2 1.23110E-3 3.27996E-2 
4.27046E-3 1.60991E-2 1.23132E-3 3.27994E-2 
4.27075E-3 1.60994E-2 1.23155E-3 3.27992E-2 
4.27104E-3 1.60998E-2 1.23177E-3 3.27991E-2 
4.27133E-3 1.61001E-2 1.23198E-3 3.27989E-2 
4.27161E-3 1.61004E-2 1.23220E-3 3.27988E-2 
4.27190E-3 1.61008E-2 1.23241E-3 3.27986E-2 
4.27217E-3 1.61011E-2 1.23262E-3 3.27984E-2 
4.27245E-3 1.61014E-2 1.23283E-3 3.27983E-2 
4.27272E-3 1.61017E-2 1.23303E-3 3.27981E-2 
4.27299E-3 1.61020E-2 1.23324E-3 3.27980E-2 
4.27326E-3 1.61024E-2 1.23344E-3 3.27978E-2 
4.27352E-3 1.61027E-2 1.23364E-3 3.27977E-2 
4.27379E-3 1.61030E-2 1.23383E-3 3.27975E-2 
4.27405E-3 1.61033E-2 1.23403E-3 3.27974E-2 
4.27430E-3 1.61036E-2 1.23422E-3 3.27973E-2 
4.27456E-3 1.61039E-2 1.23441E-3 3.27971E-2 
4.27481E-3 1.61042E-2 1.23460E-3 3.27970E-2 
4.27506E-3 1.61045E-2 1.23478E-3 3.27968E-2 
4.27531E-3 1.61048E-2 1.23497E-3 3.27967E-2 
4.27555E-3 1.61050E-2 1.23515E-3 3.27966E-2 
4.27579E-3 1.61053E-2 1.23533E-3 3.27964E-2 
4.27603E-3 1.61056E-2 1.23551E-3 3.27963E-2 
4.27627E-3 1.61059E-2 1.23568E-3 3.27962E-2 
4.27650E-3 1.61062E-2 1.23586E-3 3.27960E-2 
4.27674E-3 1.61065E-2 1.23603E-3 3.27959E-2 
4.27697E-3 1.61067E-2 1.23620E-3 3.27958E-2 
4.27720E-3 1.61070E-2 1.23637E-3 3.27956E-2 
4.27742E-3 1.61073E-2 1.23653E-3 3.27955E-2 
4.27765E-3 1.61076E-2 1.23670E-3 3.27954E-2 
4.27787E-3 1.61078E-2 1.23686E-3 3.27953E-2 
4.27809E-3 1.61081E-2 1.23702E-3 3.27951E-2 
4.27830E-3 1.61084E-2 1.23718E-3 3.27950E-2 
4.27852E-3 1.61086E-2 1.23734E-3 3.27949E-2 
4.27873E-3 1.61089E-2 1.23749E-3 3.27948E-2 
4.27894E-3 1.61091E-2 1.23765E-3 3.27946E-2 
4.27915E-3 1.61094E-2 1.23780E-3 3.27945E-2 
4.27936E-3 1.61096E-2 1.23795E-3 3.27944E-2 
4.27957E-3 1.61099E-2 1.23810E-3 3.27943E-2 
4.27977E-3 1.61101E-2 1.23825E-3 3.27942E-2 
4.27997E-3 1.61104E-2 1.23839E-3 3.27941E-2 
4.28017E-3 1.61106E-2 1.23854E-3 3.27940E-2 
4.28037E-3 1.61109E-2 1.23868E-3 3.27938E-2 
4.28056E-3 1.61111E-2 1.23882E-3 3.27937E-2 
4.28076E-3 1.61114E-2 1.23896E-3 3.27936E-2 
4.28095E-3 1.61116E-2 1.23910E-3 3.27935E-2 
4.28114E-3 1.61118E-2 1.23923E-3 3.27934E-2 
4.28133E-3 1.61121E-2 1.23937E-3 3.27933E-2 
4.28151E-3 1.61123E-2 1.23950E-3 3.27932E-2 
4.28170E-3 1.61125E-2 1.23963E-3 3.27931E-2 
4.28188E-3 1.61128E-2 1.23976E-3 3.27930E-2 
4.28206E-3 1.61130E-2 1.23989E-3 3.27929E-2 
4.28224E-3 1.61132E-2 1.24002E-3 3.27928E-2 
4.28242E-3 1.61134E-2 1.24015E-3 3.27927E-2 
4.28259E-3 1.61137E-2 1.24027E-3 3.27926E-2 
4.28277E-3 1.61139E-2 1.24039E-3 3.27925E-2 
4.28294E-3 1.61141E-2 1.24052E-3 3.27924E-2 
4.28311E-3 1.61143E-2 1.24064E-3 3.27923E-2 
4.28328E-3 1.61145E-2 1.24076E-3 3.27922E-2 
4.28345E-3 1.61147E-2 1.24087E-3 3.27921E-2 
4.28362E-3 1.61149E-2 1.24099E-3 3.27920E-2 
4.28378E-3 1.61152E-2 1.24111E-3 3.27919E-2 
4.28394E-3 1.61154E-2 1.24122E-3 3.27918E-2 
4.28411E-3 1.61156E-2 1.24133E-3 3.27917E-2 
4.28427E-3 1.61158E-2 1.24145E-3 3.27916E-2 
4.28442E-3 1.61160E-2 1.24156E-3 3.27915E-2 
4.28458E-3 1.61162E-2 1.24167E-3 3.27914E-2 
4.28474E-3 1.61164E-2 1.24177E-3 3.27914E-2 
4.28489E-3 1.61166E-2 1.24188E-3 3.27913E-2 
4.28504E-3 1.61168E-2 1.24199E-3 3.27912E-2 
4.28520E-3 1.61170E-2 1.24209E-3 3.27911E-2 
4.28535E-3 1.61172E-2 1.24219E-3 3.27910E-2 
4.28549E-3 1.61174E-2 1.24230E-3 3.27909E-2 
4.28564E-3 1.61176E-2 1.24240E-3 3.27908E-2 
4.28579E-3 1.61177E-2 1.24250E-3 3.27908E-2 
4.28593E-3 1.61179E-2 1.24260E-3 3.27907E-2 
4.28607E-3 1.61181E-2 1.24270E-3 3.27906E-2 
4.28622E-3 1.61183E-2 1.24279E-3 3.27905E-2 
4.28636E-3 1.61185E-2 1.24289E-3 3.27904E-2 
4.28649E-3 1.61187E-2 1.24298E-3 3.27904E-2 
4.28663E-3 1.61188E-2 1.24308E-3 3.27903E-2 
4.28677E-3 1.61190E-2 1.24317E-3 3.27902E-2 
4.28690E-3 1.61192E-2 1.24326E-3 3.27901E-2 
4.28704E-3 1.61194E-2 1.24335E-3 3.27900E-2 
4.28717E-3 1.61196E-2 1.24344E-3 3.27900E-2 
4.28730E-3 1.61197E-2 1.24353E-3 3.27899E-2 
4.28743E-3 1.61199E-2 1.24362E-3 3.27898E-2 
4.28756E-3 1.61201E-2 1.24371E-3 3.27897E-2 
4.28769E-3 1.61202E-2 1.24379E-3 3.27897E-2 
4.28782E-3 1.61204E-2 1.24388E-3 3.27896E-2 
4.28794E-3 1.61206E-2 1.24396E-3 3.27895E-2 
4.28807E-3 1.61208E-2 1.24404E-3 3.27894E-2 
4.28819E-3 1.61209E-2 1.24413E-3 3.27894E-2 
4.28831E-3 1.61211E-2 1.24421E-3 3.27893E-2 
4.28843E-3 1.61212E-2 1.24429E-3 3.27892E-2 
4.28855E-3 1.61214E-2 1.24437E-3 3.27892E-2 
4.28867E-3 1.61216E-2 1.24445E-3 3.27891E-2 
4.28879E-3 1.61217E-2 1.24453E-3 3.27890E-2 
4.28890E-3 1.61219E-2 1.24460E-3 3.27890E-2 
4.28902E-3 1.61220E-2 1.24468E-3 3.27889E-2 
4.28913E-3 1.61222E-2 1.24476E-3 3.27888E-2 
4.28925E-3 1.61224E-2 1.24483E-3 3.27888E-2 
4.28936E-3 1.61225E-2 1.24490E-3 3.27887E-2 
4.28947E-3 1.61227E-2 1.24498E-3 3.27886E-2 
4.28958E-3 1.61228E-2 1.24505E-3 3.27886E-2 
4.28969E-3 1.61230E-2 1.24512E-3 3.27885E-2 
4.28980E-3 1.61231E-2 1.24519E-3 3.27884E-2 
4.28991E-3 1.61233E-2 1.24526E-3 3.27884E-2 
4.29001E-3 1.61234E-2 1.24533E-3 3.27883E-2 
4.29012E-3 1.61236E-2 1.24540E-3 3.27882E-2 
4.29022E-3 1.61237E-2 1.24547E-3 3.27882E-2 
4.29033E-3 1.61238E-2 1.24553E-3 3.27881E-2 
4.29043E-3 1.61240E-2 1.24560E-3 3.27881E-2 
4.29053E-3 1.61241E-2 1.24567E-3 3.27880E-2 
4.29063E-3 1.61243E-2 1.24573E-3 3.27879E-2 
4.29073E-3 1.61244E-2 1.24580E-3 3.27879E-2 
4.29083E-3 1.61245E-2 1.24586E-3 3.27878E-2 
4.29093E-3 1.61247E-2 1.24592E-3 3.27878E-2 
4.29102E-3 1.61248E-2 1.24598E-3 3.27877E-2 
4.29112E-3 1.61250E-2 1.24605E-3 3.27877E-2 
4.29121E-3 1.61251E-2 1.24611E-3 3.27876E-2 
4.29131E-3 1.61252E-2 1.24617E-3 3.27875E-2 
4.29140E-3 1.61254E-2 1.24623E-3 3.27875E-2 
4.29149E-3 1.61255E-2 1.24629E-3 3.27874E-2 
4.29159E-3 1.61256E-2 1.24634E-3 3.27874E-2 
4.29168E-3 1.61258E-2 1.24640E-3 3.27873E-2 
4.29177E-3 1.61259E-2 1.24646E-3 3.27873E-2 
4.29186E-3 1.61260E-2 1.24651E-3 3.27872E-2 
4.29195E-3 1.61261E-2 1.24657E-3 3.27872E-2 
4.29203E-3 1.61263E-2 1.24663E-3 3.27871E-2 
4.29212E-3 1.61264E-2 1.24668E-3 3.27871E-2 
4.29221E-3 1.61265E-2 1.24673E-3 3.27870E-2 
4.29229E-3 1.61266E-2 1.24679E-3 3.27870E-2 
4.29238E-3 1.61268E-2 1.24684E-3 3.27869E-2 
4.29246E-3 1.61269E-2 1.24689E-3 3.27869E-2 
4.29254E-3 1.61270E-2 1.24695E-3 3.27868E-2 
4.29263E-3 1.61271E-2 1.24700E-3 3.27868E-2 
4.29271E-3 1.61273E-2 1.24705E-3 3.27867E-2 
4.29279E-3 1.61274E-2 1.24710E-3 3.27867E-2 
4.29287E-3 1.61275E-2 1.24715E-3 3.27866E-2 
4.29295E-3 1.61276E-2 1.24720E-3 3.27866E-2 
4.29303E-3 1.61277E-2 1.24724E-3 3.27865E-2 
4.29311E-3 1.61278E-2 1.24729E-3 3.27865E-2 
4.29318E-3 1.61280E-2 1.24734E-3 3.27864E-2 
4.29326E-3 1.61281E-2 1.24739E-3 3.27864E-2 
4.29334E-3 1.61282E-2 1.24743E-3 3.27863E-2 
4.29341E-3 1.61283E-2 1.24748E-3 3.27863E-2 
4.29349E-3 1.61284E-2 1.24752E-3 3.27862E-2 
4.29356E-3 1.61285E-2 1.24757E-3 3.27862E-2 
4.29363E-3 1.61286E-2 1.24761E-3 3.27861E-2 
4.29371E-3 1.61287E-2 1.24766E-3 3.27861E-2 
4.29378E-3 1.61289E-2 1.24770E-3 3.27861E-2 
4.29385E-3 1.61290E-2 1.24774E-3 3.27860E-2 
4.29392E-3 1.61291E-2 1.24779E-3 3.27860E-2 
4.29399E-3 1.61292E-2 1.24783E-3 3.27859E-2 
4.29406E-3 1.61293E-2 1.24787E-3 3.27859E-2 
4.29413E-3 1.61294E-2 1.24791E-3 3.27858E-2 
4.29420E-3 1.61295E-2 1.24795E-3 3.27858E-2 
4.29427E-3 1.61296E-2 1.24799E-3 3.27858E-2 
4.29434E-3 1.61297E-2 1.24803E-3 3.27857E-2 
4.29440E-3 1.61298E-2 1.24807E-3 3.27857E-2 
4.29447E-3 1.61299E-2 1.24811E-3 3.27856E-2 
4.29454E-3 1.61300E-2 1.24815E-3 3.27856E-2 
4.29460E-3 1.61301E-2 1.24819E-3 3.27856E-2 
4.29466E-3 1.61302E-2 1.24823E-3 3.27855E-2 
4.29473E-3 1.61303E-2 1.24826E-3 3.27855E-2 
4.29479E-3 1.61304E-2 1.24830E-3 3.27854E-2 
4.29486E-3 1.61305E-2 1.24834E-3 3.27854E-2 
4.29492E-3 1.61306E-2 1.24837E-3 3.27854E-2 
4.29498E-3 1.61307E-2 1.24841E-3 3.27853E-2 
4.29504E-3 1.61308E-2 1.24844E-3 3.27853E-2 
4.29510E-3 1.61309E-2 1.24848E-3 3.27853E-2 
4.29516E-3 1.61310E-2 1.24851E-3 3.27852E-2 
4.29522E-3 1.61311E-2 1.24855E-3 3.27852E-2 
4.29528E-3 1.61312E-2 1.24858E-3 3.27851E-2 
4.29534E-3 1.61313E-2 1.24861E-3 3.27851E-2 
4.29540E-3 1.61314E-2 1.24865E-3 3.27851E-2 
4.29546E-3 1.61314E-2 1.24868E-3 3.27850E-2 
4.29551E-3 1.61315E-2 1.24871E-3 3.27850E-2 
4.29557E-3 1.61316E-2 1.24874E-3 3.27850E-2 
4.29563E-3 1.61317E-2 1.24878E-3 3.27849E-2 
4.29568E-3 1.61318E-2 1.24881E-3 3.27849E-2 
4.29574E-3 1.61319E-2 1.24884E-3 3.27849E-2 
4.29580E-3 1.61320E-2 1.24887E-3 3.27848E-2 
4.29585E-3 1.61321E-2 1.24890E-3 3.27848E-2 
4.29590E-3 1.61322E-2 1.24893E-3 3.27848E-2 
4.29596E-3 1.61322E-2 1.24896E-3 3.27847E-2 
4.29601E-3 1.61323E-2 1.24899E-3 3.27847E-2 
4.29606E-3 1.61324E-2 1.24902E-3 3.27847E-2 
4.29612E-3 1.61325E-2 1.24905E-3 3.27846E-2 
4.29617E-3 1.61326E-2 1.24907E-3 3.27846E-2 
4.29622E-3 1.61327E-2 1.24910E-3 3.27846E-2 
4.29627E-3 1.61328E-2 1.24913E-3 3.27845E-2 
4.29632E-3 1.61328E-2 1.24916E-3 3.27845E-2 
4.29637E-3 1.61329E-2 1.24918E-3 3.27845E-2 
4.29642E-3 1.61330E-2 1.24921E-3 3.27844E-2 
4.29647E-3 1.61331E-2 1.24924E-3 3.27844E-2 
4.29652E-3 1.61332E-2 1.24926E-3 3.27844E-2 
4.29657E-3 1.61332E-2 1.24929E-3 3.27844E-2 
4.29662E-3 1.61333E-2 1.24932E-3 3.27843E-2 
4.29667E-3 1.61334E-2 1.24934E-3 3.27843E-2 
4.29671E-3 1.61335E-2 1.24937E-3 3.27843E-2 
4.29676E-3 1.61336E-2 1.24939E-3 3.27842E-2 
4.29681E-3 1.61336E-2 1.24942E-3 3.27842E-2 
4.29685E-3 1.61337E-2 1.24944E-3 3.27842E-2 
4.29690E-3 1.61338E-2 1.24946E-3 3.27841E-2 
4.29695E-3 1.61339E-2 1.24949E-3 3.27841E-2 
4.29699E-3 1.61339E-2 1.24951E-3 3.27841E-2 
4.29704E-3 1.61340E-2 1.24953E-3 3.27841E-2 
4.29708E-3 1.61341E-2 1.24956E-3 3.27840E-2 
4.29713E-3 1.61342E-2 1.24958E-3 3.27840E-2 
4.29717E-3 1.61342E-2 1.24960E-3 3.27840E-2 
4.29721E-3 1.61343E-2 1.24963E-3 3.27840E-2 
4.29726E-3 1.61344E-2 1.24965E-3 3.27839E-2 
4.29730E-3 1.61345E-2 1.24967E-3 3.27839E-2 
4.29734E-3 1.61345E-2 1.24969E-3 3.27839E-2 
4.29738E-3 1.61346E-2 1.24971E-3 3.27838E-2 
4.29743E-3 1.61347E-2 1.24973E-3 3.27838E-2 
4.29747E-3 1.61347E-2 1.24975E-3 3.27838E-2 
4.29751E-3 1.61348E-2 1.24978E-3 3.27838E-2 
4.29755E-3 1.61349E-2 1.24980E-3 3.27837E-2 
4.29759E-3 1.61350E-2 1.24982E-3 3.27837E-2 
4.29763E-3 1.61350E-2 1.24984E-3 3.27837E-2 
4.29767E-3 1.61351E-2 1.24986E-3 3.27837E-2 
4.29771E-3 1.61352E-2 1.24988E-3 3.27836E-2 
4.29775E-3 1.61352E-2 1.24989E-3 3.27836E-2 
4.29779E-3 1.61353E-2 1.24991E-3 3.27836E-2 
4.29783E-3 1.61354E-2 1.24993E-3 3.27836E-2 
4.29786E-3 1.61354E-2 1.24995E-3 3.27835E-2 
4.29790E-3 1.61355E-2 1.24997E-3 3.27835E-2 
4.29794E-3 1.61356E-2 1.24999E-3 3.27835E-2 
4.29798E-3 1.61356E-2 1.25001E-3 3.27835E-2 
4.29802E-3 1.61357E-2 1.25002E-3 3.27834E-2 
4.29805E-3 1.61358E-2 1.25004E-3 3.27834E-2 
4.29809E-3 1.61358E-2 1.25006E-3 3.27834E-2 
4.29813E-3 1.61359E-2 1.25008E-3 3.27834E-2 
4.29816E-3 1.61359E-2 1.25009E-3 3.27834E-2 
4.29820E-3 1.61360E-2 1.25011E-3 3.27833E-2 
4.29823E-3 1.61361E-2 1.25013E-3 3.27833E-2 
4.29827E-3 1.61361E-2 1.25015E-3 3.27833E-2 
4.29830E-3 1.61362E-2 1.25016E-3 3.27833E-2 
4.29834E-3 1.61363E-2 1.25018E-3 3.27832E-2 
4.29837E-3 1.61363E-2 1.25019E-3 3.27832E-2 
4.29841E-3 1.61364E-2 1.25021E-3 3.27832E-2 
4.29844E-3 1.61364E-2 1.25023E-3 3.27832E-2 
4.29847E-3 1.61365E-2 1.25024E-3 3.27832E-2 
4.29851E-3 1.61366E-2 1.25026E-3 3.27831E-2 
4.29854E-3 1.61366E-2 1.25027E-3 3.27831E-2 
4.29857E-3 1.61367E-2 1.25029E-3 3.27831E-2 
4.29860E-3 1.61367E-2 1.25030E-3 3.27831E-2 
4.29864E-3 1.61368E-2 1.25032E-3 3.27831E-2 
4.29867E-3 1.61369E-2 1.25033E-3 3.27830E-2 
4.29870E-3 1.61369E-2 1.25035E-3 3.27830E-2 
4.29873E-3 1.61370E-2 1.25036E-3 3.27830E-2 
4.29876E-3 1.61370E-2 1.25038E-3 3.27830E-2 
4.29880E-3 1.61371E-2 1.25039E-3 3.27830E-2 
4.29883E-3 1.61371E-2 1.25040E-3 3.27829E-2 
4.29886E-3 1.61372E-2 1.25042E-3 3.27829E-2 
4.29889E-3 1.61373E-2 1.25043E-3 3.27829E-2 
4.29892E-3 1.61373E-2 1.25044E-3 3.27829E-2 
4.29895E-3 1.61374E-2 1.25046E-3 3.27829E-2 
4.29898E-3 1.61374E-2 1.25047E-3 3.27828E-2 
4.29901E-3 1.61375E-2 1.25048E-3 3.27828E-2 
4.29904E-3 1.61375E-2 1.25050E-3 3.27828E-2 
4.29906E-3 1.61376E-2 1.25051E-3 3.27828E-2 
4.29909E-3 1.61376E-2 1.25052E-3 3.27828E-2 
4.29912E-3 1.61377E-2 1.25053E-3 3.27827E-2 
4.29915E-3 1.61377E-2 1.25055E-3 3.27827E-2 
4.29918E-3 1.61378E-2 1.25056E-3 3.27827E-2 
4.29921E-3 1.61378E-2 1.25057E-3 3.27827E-2 
4.29923E-3 1.61379E-2 1.25058E-3 3.27827E-2 
4.29926E-3 1.61380E-2 1.25059E-3 3.27826E-2 
4.29929E-3 1.61380E-2 1.25061E-3 3.27826E-2 
4.29932E-3 1.61381E-2 1.25062E-3 3.27826E-2 
4.29934E-3 1.61381E-2 1.25063E-3 3.27826E-2 
4.29937E-3 1.61382E-2 1.25064E-3 3.27826E-2 
4.29940E-3 1.61382E-2 1.25065E-3 3.27826E-2 
4.29942E-3 1.61383E-2 1.25066E-3 3.27825E-2 
4.29945E-3 1.61383E-2 1.25067E-3 3.27825E-2 
4.29948E-3 1.61384E-2 1.25068E-3 3.27825E-2 
4.29950E-3 1.61384E-2 1.25069E-3 3.27825E-2 
4.29953E-3 1.61385E-2 1.25070E-3 3.27825E-2 
4.29955E-3 1.61385E-2 1.25072E-3 3.27825E-2 
4.29958E-3 1.61386E-2 1.25073E-3 3.27824E-2 
4.29960E-3 1.61386E-2 1.25074E-3 3.27824E-2 
4.29963E-3 1.61387E-2 1.25075E-3 3.27824E-2 
4.29965E-3 1.61387E-2 1.25076E-3 3.27824E-2 
4.29968E-3 1.61387E-2 1.25077E-3 3.27824E-2 
4.29970E-3 1.61388E-2 1.25078E-3 3.27824E-2 
4.29973E-3 1.61388E-2 1.25078E-3 3.27823E-2 
4.29975E-3 1.61389E-2 1.25079E-3 3.27823E-2 
4.29977E-3 1.61389E-2 1.25080E-3 3.27823E-2 
4.29980E-3 1.61390E-2 1.25081E-3 3.27823E-2 
4.29982E-3 1.61390E-2 1.25082E-3 3.27823E-2 
4.29984E-3 1.61391E-2 1.25083E-3 3.27823E-2 
4.29987E-3 1.61391E-2 1.25084E-3 3.27823E-2 
4.29989E-3 1.61392E-2 1.25085E-3 3.27822E-2 
4.29991E-3 1.61392E-2 1.25086E-3 3.27822E-2 
4.29994E-3 1.61393E-2 1.25087E-3 3.27822E-2 
4.29996E-3 1.61393E-2 1.25088E-3 3.27822E-2 
4.29998E-3 1.61393E-2 1.25088E-3 3.27822E-2 
4.30000E-3 1.61394E-2 1.25089E-3 3.27822E-2 
4.30003E-3 1.61394E-2 1.25090E-3 3.27821E-2 
4.30005E-3 1.61395E-2 1.25091E-3 3.27821E-2 
4.30007E-3 1.61395E-2 1.25092E-3 3.27821E-2 
4.30009E-3 1.61396E-2 1.25092E-3 3.27821E-2 
4.30011E-3 1.61396E-2 1.25093E-3 3.27821E-2 
4.30013E-3 1.61396E-2 1.25094E-3 3.27821E-2 
4.30016E-3 1.61397E-2 1.25095E-3 3.27821E-2 
4.30018E-3 1.61397E-2 1.25096E-3 3.27820E-2 
4.30020E-3 1.61398E-2 1.25096E-3 3.27820E-2 
4.30022E-3 1.61398E-2 1.25097E-3 3.27820E-2 
4.30024E-3 1.61399E-2 1.25098E-3 3.27820E-2 
4.30026E-3 1.61399E-2 1.25099E-3 3.27820E-2 
4.30028E-3 1.61399E-2 1.25099E-3 3.27820E-2 
4.30030E-3 1.61400E-2 1.25100E-3 3.27820E-2 
4.30032E-3 1.61400E-2 1.25101E-3 3.27820E-2 
4.30034E-3 1.61401E-2 1.25101E-3 3.27819E-2 
4.30036E-3 1.61401E-2 1.25102E-3 3.27819E-2 
4.30038E-3 1.61401E-2 1.25103E-3 3.27819E-2 
4.30040E-3 1.61402E-2 1.25103E-3 3.27819E-2 
4.30042E-3 1.61402E-2 1.25104E-3 3.27819E-2 
4.30044E-3 1.61403E-2 1.25105E-3 3.27819E-2 
4.30046E-3 1.61403E-2 1.25105E-3 3.27819E-2 
4.30048E-3 1.61403E-2 1.25106E-3 3.27818E-2 
4.30049E-3 1.61404E-2 1.25107E-3 3.27818E-2 
4.30051E-3 1.61404E-2 1.25107E-3 3.27818E-2 
4.30053E-3 1.61405E-2 1.25108E-3 3.27818E-2 
4.30055E-3 1.61405E-2 1.25109E-3 3.27818E-2 
4.30057E-3 1.61405E-2 1.25109E-3 3.27818E-2 
4.30059E-3 1.61406E-2 1.25110E-3 3.27818E-2 
4.30061E-3 1.61406E-2 1.25110E-3 3.27818E-2 
4.30062E-3 1.61406E-2 1.25111E-3 3.27817E-2 
4.30064E-3 1.61407E-2 1.25112E-3 3.27817E-2 
4.30066E-3 1.61407E-2 1.25112E-3 3.27817E-2 
4.30068E-3 1.61408E-2 1.25113E-3 3.27817E-2 
4.30069E-3 1.61408E-2 1.25113E-3 3.27817E-2 
4.30071E-3 1.61408E-2 1.25114E-3 3.27817E-2 
4.30073E-3 1.61409E-2 1.25114E-3 3.27817E-2 
4.30075E-3 1.61409E-2 1.25115E-3 3.27817E-2 
4.30076E-3 1.61409E-2 1.25115E-3 3.27817E-2 
4.30078E-3 1.61410E-2 1.25116E-3 3.27816E-2 
4.30080E-3 1.61410E-2 1.25117E-3 3.27816E-2 
4.30081E-3 1.61410E-2 1.25117E-3 3.27816E-2 
4.30083E-3 1.61411E-2 1.25118E-3 3.27816E-2 
4.30085E-3 1.61411E-2 1.25118E-3 3.27816E-2 
4.30086E-3 1.61412E-2 1.25119E-3 3.27816E-2 
4.30088E-3 1.61412E-2 1.25119E-3 3.27816E-2 
4.30090E-3 1.61412E-2 1.25120E-3 3.27816E-2 
4.30091E-3 1.61413E-2 1.25120E-3 3.27816E-2 
4.30093E-3 1.61413E-2 1.25121E-3 3.27815E-2 
4.30095E-3 1.61413E-2 1.25121E-3 3.27815E-2 
4.30096E-3 1.61414E-2 1.25121E-3 3.27815E-2 
4.30098E-3 1.61414E-2 1.25122E-3 3.27815E-2 
4.30099E-3 1.61414E-2 1.25122E-3 3.27815E-2 
4.30101E-3 1.61415E-2 1.25123E-3 3.27815E-2 
4.30102E-3 1.61415E-2 1.25123E-3 3.27815E-2 
4.30104E-3 1.61415E-2 1.25124E-3 3.27815E-2 
4.30105E-3 1.61416E-2 1.25124E-3 3.27815E-2 
4.30107E-3 1.61416E-2 1.25125E-3 3.27814E-2 
4.30108E-3 1.61416E-2 1.25125E-3 3.27814E-2 
4.30110E-3 1.61417E-2 1.25125E-3 3.27814E-2 
4.30111E-3 1.61417E-2 1.25126E-3 3.27814E-2 
4.30113E-3 1.61417E-2 1.25126E-3 3.27814E-2 
4.30114E-3 1.61418E-2 1.25127E-3 3.27814E-2 
4.30116E-3 1.61418E-2 1.25127E-3 3.27814E-2 
4.30117E-3 1.61418E-2 1.25127E-3 3.27814E-2 
4.30119E-3 1.61419E-2 1.25128E-3 3.27814E-2 
4.30120E-3 1.61419E-2 1.25128E-3 3.27814E-2 
4.30122E-3 1.61419E-2 1.25129E-3 3.27813E-2 
4.30123E-3 1.61419E-2 1.25129E-3 3.27813E-2 
4.30124E-3 1.61420E-2 1.25129E-3 3.27813E-2 
4.30126E-3 1.61420E-2 1.25130E-3 3.27813E-2 
4.30127E-3 1.61420E-2 1.25130E-3 3.27813E-2 
4.30129E-3 1.61421E-2 1.25131E-3 3.27813E-2 
4.30130E-3 1.61421E-2 1.25131E-3 3.27813E-2 
4.30131E-3 1.61421E-2 1.25131E-3 3.27813E-2 
4.30133E-3 1.61422E-2 1.25132E-3 3.27813E-2 
4.30134E-3 1.61422E-2 1.25132E-3 3.27813E-2 
4.30135E-3 1.61422E-2 1.25132E-3 3.27813E-2 
4.30137E-3 1.61422E-2 1.25133E-3 3.27812E-2 
4.30138E-3 1.61423E-2 1.25133E-3 3.27812E-2 
4.30139E-3 1.61423E-2 1.25133E-3 3.27812E-2 
4.30141E-3 1.61423E-2 1.25134E-3 3.27812E-2 
4.30142E-3 1.61424E-2 1.25134E-3 3.27812E-2 
4.30143E-3 1.61424E-2 1.25134E-3 3.27812E-2 
4.30145E-3 1.61424E-2 1.25135E-3 3.27812E-2 
4.30146E-3 1.61425E-2 1.25135E-3 3.27812E-2 
4.30147E-3 1.61425E-2 1.25135E-3 3.27812E-2 
4.30148E-3 1.61425E-2 1.25135E-3 3.27812E-2 
4.30150E-3 1.61425E-2 1.25136E-3 3.27812E-2 
4.30151E-3 1.61426E-2 1.25136E-3 3.27811E-2 
4.30152E-3 1.61426E-2 1.25136E-3 3.27811E-2 
4.30153E-3 1.61426E-2 1.25137E-3 3.27811E-2 
4.30154E-3 1.61427E-2 1.25137E-3 3.27811E-2 
4.30156E-3 1.61427E-2 1.25137E-3 3.27811E-2 
4.30157E-3 1.61427E-2 1.25138E-3 3.27811E-2 
4.30158E-3 1.61427E-2 1.25138E-3 3.27811E-2 
4.30159E-3 1.61428E-2 1.25138E-3 3.27811E-2 
4.30160E-3 1.61428E-2 1.25138E-3 3.27811E-2 
4.30162E-3 1.61428E-2 1.25139E-3 3.27811E-2 
4.30163E-3 1.61428E-2 1.25139E-3 3.27811E-2 
4.30164E-3 1.61429E-2 1.25139E-3 3.27811E-2 
4.30165E-3 1.61429E-2 1.25139E-3 3.27810E-2 
4.30166E-3 1.61429E-2 1.25140E-3 3.27810E-2 
4.30167E-3 1.61429E-2 1.25140E-3 3.27810E-2 
4.30169E-3 1.61430E-2 1.25140E-3 3.27810E-2 
4.30170E-3 1.61430E-2 1.25140E-3 3.27810E-2 
4.30171E-3 1.61430E-2 1.25141E-3 3.27810E-2 
4.30172E-3 1.61431E-2 1.25141E-3 3.27810E-2 
4.30173E-3 1.61431E-2 1.25141E-3 3.27810E-2 
4.30174E-3 1.61431E-2 1.25141E-3 3.27810E-2 
4.30175E-3 1.61431E-2 1.25142E-3 3.27810E-2 
4.30176E-3 1.61432E-2 1.25142E-3 3.27810E-2 
4.30177E-3 1.61432E-2 1.25142E-3 3.27810E-2 
4.30179E-3 1.61432E-2 1.25142E-3 3.27810E-2 
4.30180E-3 1.61432E-2 1.25142E-3 3.27809E-2 
4.30181E-3 1.61433E-2 1.25143E-3 3.27809E-2 
4.30182E-3 1.61433E-2 1.25143E-3 3.27809E-2 
4.30183E-3 1.61433E-2 1.25143E-3 3.27809E-2 
4.30184E-3 1.61433E-2 1.25143E-3 3.27809E-2 
4.30185E-3 1.61434E-2 1.25144E-3 3.27809E-2 
4.30186E-3 1.61434E-2 1.25144E-3 3.27809E-2 
4.30187E-3 1.61434E-2 1.25144E-3 3.27809E-2 
4.30188E-3 1.61434E-2 1.25144E-3 3.27809E-2 
4.30189E-3 1.61435E-2 1.25144E-3 3.27809E-2 
4.30190E-3 1.61435E-2 1.25144E-3 3.27809E-2 
4.30191E-3 1.61435E-2 1.25145E-3 3.27809E-2 
4.30192E-3 1.61435E-2 1.25145E-3 3.27809E-2 
4.30193E-3 1.61435E-2 1.25145E-3 3.27809E-2 
4.30194E-3 1.61436E-2 1.25145E-3 3.27808E-2 
4.30195E-3 1.61436E-2 1.25145E-3 3.27808E-2 
4.30196E-3 1.61436E-2 1.25146E-3 3.27808E-2 
4.30197E-3 1.61436E-2 1.25146E-3 3.27808E-2 
4.30198E-3 1.61437E-2 1.25146E-3 3.27808E-2 
4.30199E-3 1.61437E-2 1.25146E-3 3.27808E-2 
4.30200E-3 1.61437E-2 1.25146E-3 3.27808E-2 
4.30201E-3 1.61437E-2 1.25146E-3 3.27808E-2 
4.30202E-3 1.61438E-2 1.25147E-3 3.27808E-2 
4.30203E-3 1.61438E-2 1.25147E-3 3.27808E-2 
4.30204E-3 1.61438E-2 1.25147E-3 3.27808E-2 
4.30205E-3 1.61438E-2 1.25147E-3 3.27808E-2 
4.30205E-3 1.61438E-2 1.25147E-3 3.27808E-2 
4.30206E-3 1.61439E-2 1.25147E-3 3.27808E-2 
4.30207E-3 1.61439E-2 1.25148E-3 3.27808E-2 
4.30208E-3 1.61439E-2 1.25148E-3 3.27807E-2 
4.30209E-3 1.61439E-2 1.25148E-3 3.27807E-2 
4.30210E-3 1.61440E-2 1.25148E-3 3.27807E-2 
4.30211E-3 1.61440E-2 1.25148E-3 3.27807E-2 
4.30212E-3 1.61440E-2 1.25148E-3 3.27807E-2 
4.30213E-3 1.61440E-2 1.25148E-3 3.27807E-2 
4.30214E-3 1.61440E-2 1.25149E-3 3.27807E-2 
4.30214E-3 1.61441E-2 1.25149E-3 3.27807E-2 
4.30215E-3 1.61441E-2 1.25149E-3 3.27807E-2 
4.30216E-3 1.61441E-2 1.25149E-3 3.27807E-2 
4.30217E-3 1.61441E-2 1.25149E-3 3.27807E-2 
4.30218E-3 1.61442E-2 1.25149E-3 3.27807E-2 
4.30219E-3 1.61442E-2 1.25149E-3 3.27807E-2 
4.30220E-3 1.61442E-2 1.25149E-3 3.27807E-2 
4.30220E-3 1.61442E-2 1.25150E-3 3.27807E-2 
4.30221E-3 1.61442E-2 1.25150E-3 3.27807E-2 
4.30222E-3 1.61443E-2 1.25150E-3 3.27806E-2 
4.30223E-3 1.61443E-2 1.25150E-3 3.27806E-2 
4.30224E-3 1.61443E-2 1.25150E-3 3.27806E-2 
4.30225E-3 1.61443E-2 1.25150E-3 3.27806E-2 
4.30225E-3 1.61443E-2 1.25150E-3 3.27806E-2 
4.30226E-3 1.61444E-2 1.25150E-3 3.27806E-2 
4.30227E-3 1.61444E-2 1.25150E-3 3.27806E-2 
4.30228E-3 1.61444E-2 1.25151E-3 3.27806E-2 
4.30229E-3 1.61444E-2 1.25151E-3 3.27806E-2 
4.30230E-3 1.61444E-2 1.25151E-3 3.27806E-2 
4.30230E-3 1.61445E-2 1.25151E-3 3.27806E-2 
4.30231E-3 1.61445E-2 1.25151E-3 3.27806E-2 
4.30232E-3 1.61445E-2 1.25151E-3 3.27806E-2 
4.30233E-3 1.61445E-2 1.25151E-3 3.27806E-2 
4.30233E-3 1.61445E-2 1.25151E-3 3.27806E-2 
4.30234E-3 1.61446E-2 1.25151E-3 3.27806E-2 
4.30235E-3 1.61446E-2 1.25152E-3 3.27806E-2 
4.30236E-3 1.61446E-2 1.25152E-3 3.27805E-2 
4.30237E-3 1.61446E-2 1.25152E-3 3.27805E-2 
4.30237E-3 1.61446E-2 1.25152E-3 3.27805E-2 
4.30238E-3 1.61447E-2 1.25152E-3 3.27805E-2 
4.30239E-3 1.61447E-2 1.25152E-3 3.27805E-2 
4.30240E-3 1.61447E-2 1.25152E-3 3.27805E-2 
4.30240E-3 1.61447E-2 1.25152E-3 3.27805E-2 
4.30241E-3 1.61447E-2 1.25152E-3 3.27805E-2 
4.30242E-3 1.61447E-2 1.25152E-3 3.27805E-2 
4.30242E-3 1.61448E-2 1.25152E-3 3.27805E-2 
4.30243E-3 1.61448E-2 1.25152E-3 3.27805E-2 
4.30244E-3 1.61448E-2 1.25153E-3 3.27805E-2 
4.30245E-3 1.61448E-2 1.25153E-3 3.27805E-2 
4.30245E-3 1.61448E-2 1.25153E-3 3.27805E-2 
4.30246E-3 1.61449E-2 1.25153E-3 3.27805E-2 
4.30247E-3 1.61449E-2 1.25153E-3 3.27805E-2 
4.30248E-3 1.61449E-2 1.25153E-3 3.27805E-2 
4.30248E-3 1.61449E-2 1.25153E-3 3.27805E-2 
4.30249E-3 1.61449E-2 1.25153E-3 3.27805E-2 
4.30250E-3 1.61449E-2 1.25153E-3 3.27804E-2 
4.30250E-3 1.61450E-2 1.25153E-3 3.27804E-2 
4.30251E-3 1.61450E-2 1.25153E-3 3.27804E-2 
4.30252E-3 1.61450E-2 1.25153E-3 3.27804E-2 
4.30252E-3 1.61450E-2 1.25153E-3 3.27804E-2 
4.30253E-3 1.61450E-2 1.25153E-3 3.27804E-2 
4.30254E-3 1.61450E-2 1.25154E-3 3.27804E-2 
4.30254E-3 1.61451E-2 1.25154E-3 3.27804E-2 
4.30255E-3 1.61451E-2 1.25154E-3 3.27804E-2 
4.30256E-3 1.61451E-2 1.25154E-3 3.27804E-2 
4.30256E-3 1.61451E-2 1.25154E-3 3.27804E-2 
4.30257E-3 1.61451E-2 1.25154E-3 3.27804E-2 
4.30258E-3 1.61452E-2 1.25154E-3 3.27804E-2 
4.30258E-3 1.61452E-2 1.25154E-3 3.27804E-2 
4.30259E-3 1.61452E-2 1.25154E-3 3.27804E-2 
4.30260E-3 1.61452E-2 1.25154E-3 3.27804E-2 
4.30260E-3 1.61452E-2 1.25154E-3 3.27804E-2 
4.30261E-3 1.61452E-2 1.25154E-3 3.27804E-2 
4.30262E-3 1.61453E-2 1.25154E-3 3.27804E-2 
4.30262E-3 1.61453E-2 1.25154E-3 3.27804E-2 
4.30263E-3 1.61453E-2 1.25154E-3 3.27804E-2 
4.30263E-3 1.61453E-2 1.25154E-3 3.27803E-2 
4.30264E-3 1.61453E-2 1.25154E-3 3.27803E-2 
4.30265E-3 1.61453E-2 1.25154E-3 3.27803E-2 
4.30265E-3 1.61453E-2 1.25155E-3 3.27803E-2 
4.30266E-3 1.61454E-2 1.25155E-3 3.27803E-2 
4.30267E-3 1.61454E-2 1.25155E-3 3.27803E-2 
4.30267E-3 1.61454E-2 1.25155E-3 3.27803E-2 
4.30268E-3 1.61454E-2 1.25155E-3 3.27803E-2 
4.30268E-3 1.61454E-2 1.25155E-3 3.27803E-2 
4.30269E-3 1.61454E-2 1.25155E-3 3.27803E-2 
4.30270E-3 1.61455E-2 1.25155E-3 3.27803E-2 
4.30270E-3 1.61455E-2 1.25155E-3 3.27803E-2 
4.30271E-3 1.61455E-2 1.25155E-3 3.27803E-2 
4.30271E-3 1.61455E-2 1.25155E-3 3.27803E-2 
4.30272E-3 1.61455E-2 1.25155E-3 3.27803E-2 
4.30273E-3 1.61455E-2 1.25155E-3 3.27803E-2 
4.30273E-3 1.61456E-2 1.25155E-3 3.27803E-2 
4.30274E-3 1.61456E-2 1.25155E-3 3.27803E-2 
4.30274E-3 1.61456E-2 1.25155E-3 3.27803E-2 
4.30275E-3 1.61456E-2 1.25155E-3 3.27803E-2 
4.30275E-3 1.61456E-2 1.25155E-3 3.27803E-2 
4.30276E-3 1.61456E-2 1.25155E-3 3.27803E-2 
4.30277E-3 1.61456E-2 1.25155E-3 3.27803E-2 
4.30277E-3 1.61457E-2 1.25155E-3 3.27802E-2 
4.30278E-3 1.61457E-2 1.25155E-3 3.27802E-2 
4.30278E-3 1.61457E-2 1.25155E-3 3.27802E-2 
4.30279E-3 1.61457E-2 1.25155E-3 3.27802E-2 
4.30279E-3 1.61457E-2 1.25155E-3 3.27802E-2 
4.30280E-3 1.61457E-2 1.25155E-3 3.27802E-2 
4.30280E-3 1.61457E-2 1.25155E-3 3.27802E-2 
4.30281E-3 1.61458E-2 1.25156E-3 3.27802E-2 
4.30281E-3 1.61458E-2 1.25156E-3 3.27802E-2 
4.30282E-3 1.61458E-2 1.25156E-3 3.27802E-2 
4.30283E-3 1.61458E-2 1.25156E-3 3.27802E-2 
4.30283E-3 1.61458E-2 1.25156E-3 3.27802E-2 
4.30284E-3 1.61458E-2 1.25156E-3 3.27802E-2 
4.30284E-3 1.61458E-2 1.25156E-3 3.27802E-2 
4.30285E-3 1.61459E-2 1.25156E-3 3.27802E-2 
4.30285E-3 1.61459E-2 1.25156E-3 3.27802E-2 
4.30286E-3 1.61459E-2 1.25156E-3 3.27802E-2 
4.30286E-3 1.61459E-2 1.25156E-3 3.27802E-2 
4.30287E-3 1.61459E-2 1.25156E-3 3.27802E-2 
4.30287E-3 1.61459E-2 1.25156E-3 3.27802E-2 
4.30288E-3 1.61459E-2 1.25156E-3 3.27802E-2 
4.30288E-3 1.61460E-2 1.25156E-3 3.27802E-2 
4.30289E-3 1.61460E-2 1.25156E-3 3.27802E-2 
4.30289E-3 1.61460E-2 1.25156E-3 3.27802E-2 
4.30290E-3 1.61460E-2 1.25156E-3 3.27802E-2 
4.30290E-3 1.61460E-2 1.25156E-3 3.27802E-2 
4.30291E-3 1.61460E-2 1.25156E-3 3.27801E-2 
4.30291E-3 1.61460E-2 1.25156E-3 3.27801E-2 
4.30292E-3 1.61461E-2 1.25156E-3 3.27801E-2 
4.30292E-3 1.61461E-2 1.25156E-3 3.27801E-2 
4.30293E-3 1.61461E-2 1.25156E-3 3.27801E-2 
4.30293E-3 1.61461E-2 1.25156E-3 3.27801E-2 
4.30294E-3 1.61461E-2 1.25156E-3 3.27801E-2 
4.30294E-3 1.61461E-2 1.25156E-3 3.27801E-2 
4.30295E-3 1.61461E-2 1.25156E-3 3.27801E-2 
4.30295E-3 1.61461E-2 1.25156E-3 3.27801E-2 
4.30296E-3 1.61462E-2 1.25156E-3 3.27801E-2 
4.30296E-3 1.61462E-2 1.25156E-3 3.27801E-2 
4.30297E-3 1.61462E-2 1.25156E-3 3.27801E-2 
4.30297E-3 1.61462E-2 1.25156E-3 3.27801E-2 
4.30298E-3 1.61462E-2 1.25156E-3 3.27801E-2 
4.30298E-3 1.61462E-2 1.25156E-3 3.27801E-2 
4.30298E-3 1.61462E-2 1.25156E-3 3.27801E-2 
4.30299E-3 1.61462E-2 1.25156E-3 3.27801E-2 
4.30299E-3 1.61463E-2 1.25156E-3 3.27801E-2 
4.30300E-3 1.61463E-2 1.25156E-3 3.27801E-2 
4.30300E-3 1.61463E-2 1.25156E-3 3.27801E-2 
4.30301E-3 1.61463E-2 1.25156E-3 3.27801E-2 
4.30301E-3 1.61463E-2 1.25156E-3 3.27801E-2 
4.30302E-3 1.61463E-2 1.25156E-3 3.27801E-2 
4.30302E-3 1.61463E-2 1.25156E-3 3.27801E-2 
4.30303E-3 1.61463E-2 1.25156E-3 3.27801E-2 
4.30303E-3 1.61464E-2 1.25156E-3 3.27801E-2 
4.30303E-3 1.61464E-2 1.25156E-3 3.27801E-2 
4.30304E-3 1.61464E-2 1.25156E-3 3.27801E-2 
4.30304E-3 1.61464E-2 1.25156E-3 3.27800E-2 
4.30305E-3 1.61464E-2 1.25156E-3 3.27800E-2 
4.30305E-3 1.61464E-2 1.25156E-3 3.27800E-2 
4.30306E-3 1.61464E-2 1.25156E-3 3.27800E-2 
4.30306E-3 1.61464E-2 1.25156E-3 3.27800E-2 
4.30306E-3 1.61465E-2 1.25156E-3 3.27800E-2 
4.30307E-3 1.61465E-2 1.25156E-3 3.27800E-2 
4.30307E-3 1.61465E-2 1.25156E-3 3.27800E-2 
4.30308E-3 1.61465E-2 1.25156E-3 3.27800E-2 
4.30308E-3 1.61465E-2 1.25156E-3 3.27800E-2 
4.30309E-3 1.61465E-2 1.25156E-3 3.27800E-2 
4.30309E-3 1.61465E-2 1.25156E-3 3.27800E-2 
4.30309E-3 1.61465E-2 1.25156E-3 3.27800E-2 
4.30310E-3 1.61465E-2 1.25156E-3 3.27800E-2 
4.30310E-3 1.61466E-2 1.25156E-3 3.27800E-2 
4.30311E-3 1.61466E-2 1.25156E-3 3.27800E-2 
4.30311E-3 1.61466E-2 1.25156E-3 3.27800E-2 
4.30311E-3 1.61466E-2 1.25156E-3 3.27800E-2 
4.30312E-3 1.61466E-2 1.25156E-3 3.27800E-2 
4.30312E-3 1.61466E-2 1.25156E-3 3.27800E-2 
4.30313E-3 1.61466E-2 1.25156E-3 3.27800E-2 
4.30313E-3 1.61466E-2 1.25156E-3 3.27800E-2 
4.30313E-3 1.61466E-2 1.25156E-3 3.27800E-2 
4.30314E-3 1.61467E-2 1.25156E-3 3.27800E-2 
4.30314E-3 1.61467E-2 1.25156E-3 3.27800E-2 
4.30315E-3 1.61467E-2 1.25156E-3 3.27800E-2 
4.30315E-3 1.61467E-2 1.25156E-3 3.27800E-2 
4.30315E-3 1.61467E-2 1.25156E-3 3.27800E-2 
4.30316E-3 1.61467E-2 1.25156E-3 3.27800E-2 
4.30316E-3 1.61467E-2 1.25156E-3 3.27800E-2 
4.30317E-3 1.61467E-2 1.25156E-3 3.27800E-2 
4.30317E-3 1.61467E-2 1.25156E-3 3.27800E-2 
4.30317E-3 1.61468E-2 1.25156E-3 3.27800E-2 
4.30318E-3 1.61468E-2 1.25156E-3 3.27799E-2 
4.30318E-3 1.61468E-2 1.25156E-3 3.27799E-2 
4.30319E-3 1.61468E-2 1.25156E-3 3.27799E-2 
4.30319E-3 1.61468E-2 1.25156E-3 3.27799E-2 
4.30319E-3 1.61468E-2 1.25156E-3 3.27799E-2 
4.30320E-3 1.61468E-2 1.25156E-3 3.27799E-2 
4.30320E-3 1.61468E-2 1.25156E-3 3.27799E-2 
4.30320E-3 1.61468E-2 1.25156E-3 3.27799E-2 
4.30321E-3 1.61468E-2 1.25156E-3 3.27799E-2 
4.30321E-3 1.61469E-2 1.25156E-3 3.27799E-2 
4.30321E-3 1.61469E-2 1.25156E-3 3.27799E-2 
4.30322E-3 1.61469E-2 1.25156E-3 3.27799E-2 
4.30322E-3 1.61469E-2 1.25156E-3 3.27799E-2 
4.30323E-3 1.61469E-2 1.25156E-3 3.27799E-2 
4.30323E-3 1.61469E-2 1.25156E-3 3.27799E-2 
4.30323E-3 1.61469E-2 1.25156E-3 3.27799E-2 
4.30324E-3 1.61469E-2 1.25156E-3 3.27799E-2 
4.30324E-3 1.61469E-2 1.25156E-3 3.27799E-2 
4.30324E-3 1.61469E-2 1.25156E-3 3.27799E-2 
4.30325E-3 1.61470E-2 1.25156E-3 3.27799E-2 
4.30325E-3 1.61470E-2 1.25156E-3 3.27799E-2 
4.30325E-3 1.61470E-2 1.25156E-3 3.27799E-2 
4.30326E-3 1.61470E-2 1.25156E-3 3.27799E-2 
4.30326E-3 1.61470E-2 1.25156E-3 3.27799E-2 
4.30326E-3 1.61470E-2 1.25156E-3 3.27799E-2 
4.30327E-3 1.61470E-2 1.25156E-3 3.27799E-2 
4.30327E-3 1.61470E-2 1.25156E-3 3.27799E-2 
4.30327E-3 1.61470E-2 1.25156E-3 3.27799E-2 
4.30328E-3 1.61470E-2 1.25156E-3 3.27799E-2 
4.30328E-3 1.61471E-2 1.25156E-3 3.27799E-2 
4.30328E-3 1.61471E-2 1.25156E-3 3.27799E-2 
4.30329E-3 1.61471E-2 1.25156E-3 3.27799E-2 
4.30329E-3 1.61471E-2 1.25156E-3 3.27799E-2 
4.30329E-3 1.61471E-2 1.25156E-3 3.27799E-2 
4.30330E-3 1.61471E-2 1.25156E-3 3.27799E-2 
4.30330E-3 1.61471E-2 1.25156E-3 3.27799E-2 
4.30330E-3 1.61471E-2 1.25156E-3 3.27799E-2 
4.30331E-3 1.61471E-2 1.25156E-3 3.27799E-2 
4.30331E-3 1.61471E-2 1.25156E-3 3.27798E-2 
4.30331E-3 1.61471E-2 1.25156E-3 3.27798E-2 
4.30332E-3 1.61472E-2 1.25156E-3 3.27798E-2 
4.30332E-3 1.61472E-2 1.25156E-3 3.27798E-2 
4.30332E-3 1.61472E-2 1.25156E-3 3.27798E-2 
4.30333E-3 1.61472E-2 1.25156E-3 3.27798E-2 
4.30333E-3 1.61472E-2 1.25156E-3 3.27798E-2 
4.30333E-3 1.61472E-2 1.25156E-3 3.27798E-2 
4.30334E-3 1.61472E-2 1.25156E-3 3.27798E-2 
4.30334E-3 1.61472E-2 1.25156E-3 3.27798E-2 
4.30334E-3 1.61472E-2 1.25156E-3 3.27798E-2 
4.30335E-3 1.61472E-2 1.25156E-3 3.27798E-2 
4.30335E-3 1.61472E-2 1.25156E-3 3.27798E-2 
4.30335E-3 1.61473E-2 1.25156E-3 3.27798E-2 
4.30335E-3 1.61473E-2 1.25156E-3 3.27798E-2 
4.30336E-3 1.61473E-2 1.25156E-3 3.27798E-2 
4.30336E-3 1.61473E-2 1.25156E-3 3.27798E-2 
4.30336E-3 1.61473E-2 1.25156E-3 3.27798E-2 
4.30337E-3 1.61473E-2 1.25156E-3 3.27798E-2 
4.30337E-3 1.61473E-2 1.25156E-3 3.27798E-2 
4.30337E-3 1.61473E-2 1.25156E-3 3.27798E-2 
4.30338E-3 1.61473E-2 1.25156E-3 3.27798E-2 
4.30338E-3 1.61473E-2 1.25156E-3 3.27798E-2 
4.30338E-3 1.61473E-2 1.25156E-3 3.27798E-2 
4.30338E-3 1.61473E-2 1.25156E-3 3.27798E-2 
4.30339E-3 1.61474E-2 1.25156E-3 3.27798E-2 
4.30339E-3 1.61474E-2 1.25156E-3 3.27798E-2 
4.30339E-3 1.61474E-2 1.25156E-3 3.27798E-2 
4.30340E-3 1.61474E-2 1.25156E-3 3.27798E-2 
4.30340E-3 1.61474E-2 1.25156E-3 3.27798E-2 
4.30340E-3 1.61474E-2 1.25156E-3 3.27798E-2 
4.30340E-3 1.61474E-2 1.25156E-3 3.27798E-2 
4.30341E-3 1.61474E-2 1.25156E-3 3.27798E-2 
4.30341E-3 1.61474E-2 1.25156E-3 3.27798E-2 
4.30341E-3 1.61474E-2 1.25155E-3 3.27798E-2 
4.30342E-3 1.61474E-2 1.25155E-3 3.27798E-2 
4.30342E-3 1.61474E-2 1.25155E-3 3.27798E-2 
4.30342E-3 1.61475E-2 1.25155E-3 3.27798E-2 
4.30342E-3 1.61475E-2 1.25155E-3 3.27798E-2 
4.30343E-3 1.61475E-2 1.25155E-3 3.27798E-2 
4.30343E-3 1.61475E-2 1.25155E-3 3.27798E-2 
4.30343E-3 1.61475E-2 1.25155E-3 3.27798E-2 
4.30344E-3 1.61475E-2 1.25155E-3 3.27798E-2 
4.30344E-3 1.61475E-2 1.25155E-3 3.27798E-2 
4.30344E-3 1.61475E-2 1.25155E-3 3.27798E-2 
4.30344E-3 1.61475E-2 1.25155E-3 3.27797E-2 
4.30345E-3 1.61475E-2 1.25155E-3 3.27797E-2 
4.30345E-3 1.61475E-2 1.25155E-3 3.27797E-2 
4.30345E-3 1.61475E-2 1.25155E-3 3.27797E-2 
4.30345E-3 1.61475E-2 1.25155E-3 3.27797E-2 
4.30346E-3 1.61476E-2 1.25155E-3 3.27797E-2 
4.30346E-3 1.61476E-2 1.25155E-3 3.27797E-2 
4.30346E-3 1.61476E-2 1.25155E-3 3.27797E-2 
4.30347E-3 1.61476E-2 1.25155E-3 3.27797E-2 
4.30347E-3 1.61476E-2 1.25155E-3 3.27797E-2 
4.30347E-3 1.61476E-2 1.25155E-3 3.27797E-2 
4.30347E-3 1.61476E-2 1.25155E-3 3.27797E-2 
4.30348E-3 1.61476E-2 1.25155E-3 3.27797E-2 
4.30348E-3 1.61476E-2 1.25155E-3 3.27797E-2 
4.30348E-3 1.61476E-2 1.25155E-3 3.27797E-2 
4.30348E-3 1.61476E-2 1.25155E-3 3.27797E-2 
4.30349E-3 1.61476E-2 1.25155E-3 3.27797E-2 
4.30349E-3 1.61476E-2 1.25155E-3 3.27797E-2 
4.30349E-3 1.61477E-2 1.25155E-3 3.27797E-2 
4.30349E-3 1.61477E-2 1.25155E-3 3.27797E-2 
4.30350E-3 1.61477E-2 1.25155E-3 3.27797E-2 
4.30350E-3 1.61477E-2 1.25155E-3 3.27797E-2 
4.30350E-3 1.61477E-2 1.25155E-3 3.27797E-2 
4.30350E-3 1.61477E-2 1.25155E-3 3.27797E-2 
4.30351E-3 1.61477E-2 1.25155E-3 3.27797E-2 
4.30351E-3 1.61477E-2 1.25155E-3 3.27797E-2 
4.30351E-3 1.61477E-2 1.25155E-3 3.27797E-2 
4.30351E-3 1.61477E-2 1.25155E-3 3.27797E-2 
4.30352E-3 1.61477E-2 1.25155E-3 3.27797E-2 
4.30352E-3 1.61477E-2 1.25155E-3 3.27797E-2 
4.30352E-3 1.61477E-2 1.25155E-3 3.27797E-2 
4.30352E-3 1.61477E-2 1.25155E-3 3.27797E-2 
4.30353E-3 1.61478E-2 1.25155E-3 3.27797E-2 
4.30353E-3 1.61478E-2 1.25155E-3 3.27797E-2 
4.30353E-3 1.61478E-2 1.25155E-3 3.27797E-2 
4.30353E-3 1.61478E-2 1.25155E-3 3.27797E-2 
4.30353E-3 1.61478E-2 1.25155E-3 3.27797E-2 
4.30354E-3 1.61478E-2 1.25155E-3 3.27797E-2 
4.30354E-3 1.61478E-2 1.25155E-3 3.27797E-2 
4.30354E-3 1.61478E-2 1.25155E-3 3.27797E-2 
4.30354E-3 1.61478E-2 1.25155E-3 3.27797E-2 
4.30355E-3 1.61478E-2 1.25155E-3 3.27797E-2 
4.30355E-3 1.61478E-2 1.25155E-3 3.27797E-2 
4.30355E-3 1.61478E-2 1.25155E-3 3.27797E-2 
4.30355E-3 1.61478E-2 1.25155E-3 3.27797E-2 
4.30356E-3 1.61478E-2 1.25155E-3 3.27797E-2 
4.30356E-3 1.61478E-2 1.25155E-3 3.27797E-2 
4.30356E-3 1.61479E-2 1.25155E-3 3.27797E-2 
4.30356E-3 1.61479E-2 1.25155E-3 3.27797E-2 
4.30356E-3 1.61479E-2 1.25155E-3 3.27797E-2 
4.30357E-3 1.61479E-2 1.25155E-3 3.27797E-2 
4.30357E-3 1.61479E-2 1.25155E-3 3.27797E-2 
4.30357E-3 1.61479E-2 1.25155E-3 3.27797E-2 
4.30357E-3 1.61479E-2 1.25155E-3 3.27797E-2 
4.30358E-3 1.61479E-2 1.25155E-3 3.27796E-2 
4.30358E-3 1.61479E-2 1.25154E-3 3.27796E-2 
4.30358E-3 1.61479E-2 1.25154E-3 3.27796E-2 
4.30358E-3 1.61479E-2 1.25154E-3 3.27796E-2 
4.30358E-3 1.61479E-2 1.25154E-3 3.27796E-2 
4.30359E-3 1.61479E-2 1.25154E-3 3.27796E-2 
4.30359E-3 1.61479E-2 1.25154E-3 3.27796E-2 
4.30359E-3 1.61479E-2 1.25154E-3 3.27796E-2 
4.30359E-3 1.61479E-2 1.25154E-3 3.27796E-2 
4.30359E-3 1.61480E-2 1.25154E-3 3.27796E-2 
4.30360E-3 1.61480E-2 1.25154E-3 3.27796E-2 
4.30360E-3 1.61480E-2 1.25154E-3 3.27796E-2 
4.30360E-3 1.61480E-2 1.25154E-3 3.27796E-2 
4.30360E-3 1.61480E-2 1.25154E-3 3.27796E-2 
4.30361E-3 1.61480E-2 1.25154E-3 3.27796E-2 
4.30361E-3 1.61480E-2 1.25154E-3 3.27796E-2 
4.30361E-3 1.61480E-2 1.25154E-3 3.27796E-2 
4.30361E-3 1.61480E-2 1.25154E-3 3.27796E-2 
4.30361E-3 1.61480E-2 1.25154E-3 3.27796E-2 
4.30362E-3 1.61480E-2 1.25154E-3 3.27796E-2 
4.30362E-3 1.61480E-2 1.25154E-3 3.27796E-2 
4.30362E-3 1.61480E-2 1.25154E-3 3.27796E-2 
4.30362E-3 1.61480E-2 1.25154E-3 3.27796E-2 
4.30362E-3 1.61480E-2 1.25154E-3 3.27796E-2 
4.30363E-3 1.61480E-2 1.25154E-3 3.27796E-2 
4.30363E-3 1.61480E-2 1.25154E-3 3.27796E-2 
4.30363E-3 1.61481E-2 1.25154E-3 3.27796E-2 
4.30363E-3 1.61481E-2 1.25154E-3 3.27796E-2 
4.30363E-3 1.61481E-2 1.25154E-3 3.27796E-2 
4.30364E-3 1.61481E-2 1.25154E-3 3.27796E-2 
4.30364E-3 1.61481E-2 1.25154E-3 3.27796E-2 
4.30364E-3 1.61481E-2 1.25154E-3 3.27796E-2 
4.30364E-3 1.61481E-2 1.25154E-3 3.27796E-2 
4.30364E-3 1.61481E-2 1.25154E-3 3.27796E-2 
4.30365E-3 1.61481E-2 1.25154E-3 3.27796E-2 
4.30365E-3 1.61481E-2 1.25154E-3 3.27796E-2 
4.30365E-3 1.61481E-2 1.25154E-3 3.27796E-2 
4.30365E-3 1.61481E-2 1.25154E-3 3.27796E-2 
4.30365E-3 1.61481E-2 1.25154E-3 3.27796E-2 
4.30365E-3 1.61481E-2 1.25154E-3 3.27796E-2 
4.30366E-3 1.61481E-2 1.25154E-3 3.27796E-2 
4.30366E-3 1.61481E-2 1.25154E-3 3.27796E-2 
4.30366E-3 1.61481E-2 1.25154E-3 3.27796E-2 
4.30366E-3 1.61482E-2 1.25154E-3 3.27796E-2 
4.30366E-3 1.61482E-2 1.25154E-3 3.27796E-2 
4.30367E-3 1.61482E-2 1.25154E-3 3.27796E-2 
4.30367E-3 1.61482E-2 1.25154E-3 3.27796E-2 
4.30367E-3 1.61482E-2 1.25154E-3 3.27796E-2 
4.30367E-3 1.61482E-2 1.25154E-3 3.27796E-2 
4.30367E-3 1.61482E-2 1.25154E-3 3.27796E-2 
4.30368E-3 1.61482E-2 1.25154E-3 3.27796E-2 
4.30368E-3 1.61482E-2 1.25154E-3 3.27796E-2 
4.30368E-3 1.61482E-2 1.25154E-3 3.27796E-2 
4.30368E-3 1.61482E-2 1.25154E-3 3.27796E-2 
4.30368E-3 1.61482E-2 1.25154E-3 3.27796E-2 
4.30368E-3 1.61482E-2 1.25154E-3 3.27796E-2 
4.30369E-3 1.61482E-2 1.25154E-3 3.27796E-2 
4.30369E-3 1.61482E-2 1.25154E-3 3.27796E-2 
4.30369E-3 1.61482E-2 1.25154E-3 3.27796E-2 
4.30369E-3 1.61482E-2 1.25154E-3 3.27796E-2 
4.30369E-3 1.61482E-2 1.25154E-3 3.27796E-2 
4.30369E-3 1.61482E-2 1.25154E-3 3.27796E-2 
4.30370E-3 1.61483E-2 1.25154E-3 3.27796E-2 
4.30370E-3 1.61483E-2 1.25154E-3 3.27796E-2 
4.30370E-3 1.61483E-2 1.25153E-3 3.27796E-2 
4.30370E-3 1.61483E-2 1.25153E-3 3.27796E-2 
4.30370E-3 1.61483E-2 1.25153E-3 3.27796E-2 
4.30371E-3 1.61483E-2 1.25153E-3 3.27796E-2 
4.30371E-3 1.61483E-2 1.25153E-3 3.27795E-2 
4.30371E-3 1.61483E-2 1.25153E-3 3.27795E-2 
4.30371E-3 1.61483E-2 1.25153E-3 3.27795E-2 
4.30371E-3 1.61483E-2 1.25153E-3 3.27795E-2 
4.30371E-3 1.61483E-2 1.25153E-3 3.27795E-2 
4.30372E-3 1.61483E-2 1.25153E-3 3.27795E-2 
4.30372E-3 1.61483E-2 1.25153E-3 3.27795E-2 
4.30372E-3 1.61483E-2 1.25153E-3 3.27795E-2 
4.30372E-3 1.61483E-2 1.25153E-3 3.27795E-2 
4.30372E-3 1.61483E-2 1.25153E-3 3.27795E-2 
4.30372E-3 1.61483E-2 1.25153E-3 3.27795E-2 
4.30373E-3 1.61483E-2 1.25153E-3 3.27795E-2 
4.30373E-3 1.61483E-2 1.25153E-3 3.27795E-2 
4.30373E-3 1.61483E-2 1.25153E-3 3.27795E-2 
4.30373E-3 1.61483E-2 1.25153E-3 3.27795E-2 
4.30373E-3 1.61484E-2 1.25153E-3 3.27795E-2 
4.30373E-3 1.61484E-2 1.25153E-3 3.27795E-2 
4.30373E-3 1.61484E-2 1.25153E-3 3.27795E-2 
4.30374E-3 1.61484E-2 1.25153E-3 3.27795E-2 
4.30374E-3 1.61484E-2 1.25153E-3 3.27795E-2 
4.30374E-3 1.61484E-2 1.25153E-3 3.27795E-2 
4.30374E-3 1.61484E-2 1.25153E-3 3.27795E-2 
4.30374E-3 1.61484E-2 1.25153E-3 3.27795E-2 
4.30374E-3 1.61484E-2 1.25153E-3 3.27795E-2 
4.30375E-3 1.61484E-2 1.25153E-3 3.27795E-2 
4.30375E-3 1.61484E-2 1.25153E-3 3.27795E-2 
4.30375E-3 1.61484E-2 1.25153E-3 3.27795E-2 
4.30375E-3 1.61484E-2 1.25153E-3 3.27795E-2 
4.30375E-3 1.61484E-2 1.25153E-3 3.27795E-2 
4.30375E-3 1.61484E-2 1.25153E-3 3.27795E-2 
4.30376E-3 1.61484E-2 1.25153E-3 3.27795E-2 
4.30376E-3 1.61484E-2 1.25153E-3 3.27795E-2 
4.30376E-3 1.61484E-2 1.25153E-3 3.27795E-2 
4.30376E-3 1.61484E-2 1.25153E-3 3.27795E-2 
4.30376E-3 1.61484E-2 1.25153E-3 3.27795E-2 
4.30376E-3 1.61484E-2 1.25153E-3 3.27795E-2 
4.30376E-3 1.61485E-2 1.25153E-3 3.27795E-2 
4.30377E-3 1.61485E-2 1.25153E-3 3.27795E-2 
4.30377E-3 1.61485E-2 1.25153E-3 3.27795E-2 
4.30377E-3 1.61485E-2 1.25153E-3 3.27795E-2 
4.30377E-3 1.61485E-2 1.25153E-3 3.27795E-2 
4.30377E-3 1.61485E-2 1.25153E-3 3.27795E-2 
4.30377E-3 1.61485E-2 1.25153E-3 3.27795E-2 
4.30377E-3 1.61485E-2 1.25153E-3 3.27795E-2 
4.30378E-3 1.61485E-2 1.25153E-3 3.27795E-2 
4.30378E-3 1.61485E-2 1.25153E-3 3.27795E-2 
4.30378E-3 1.61485E-2 1.25153E-3 3.27795E-2 
4.30378E-3 1.61485E-2 1.25153E-3 3.27795E-2 
4.30378E-3 1.61485E-2 1.25153E-3 3.27795E-2 
4.30378E-3 1.61485E-2 1.25153E-3 3.27795E-2 
4.30378E-3 1.61485E-2 1.25153E-3 3.27795E-2 
4.30379E-3 1.61485E-2 1.25153E-3 3.27795E-2 
4.30379E-3 1.61485E-2 1.25153E-3 3.27795E-2 
4.30379E-3 1.61485E-2 1.25153E-3 3.27795E-2 
4.30379E-3 1.61485E-2 1.25153E-3 3.27795E-2 
4.30379E-3 1.61485E-2 1.25153E-3 3.27795E-2 
4.30379E-3 1.61485E-2 1.25153E-3 3.27795E-2 
4.30379E-3 1.61485E-2 1.25153E-3 3.27795E-2 
4.30380E-3 1.61485E-2 1.25153E-3 3.27795E-2 
4.30380E-3 1.61485E-2 1.25153E-3 3.27795E-2 
4.30380E-3 1.61486E-2 1.25153E-3 3.27795E-2 
4.30380E-3 1.61486E-2 1.25153E-3 3.27795E-2 
4.30380E-3 1.61486E-2 1.25153E-3 3.27795E-2 
4.30380E-3 1.61486E-2 1.25153E-3 3.27795E-2 
4.30380E-3 1.61486E-2 1.25153E-3 3.27795E-2 
4.30381E-3 1.61486E-2 1.25152E-3 3.27795E-2 
4.30381E-3 1.61486E-2 1.25152E-3 3.27795E-2 
4.30381E-3 1.61486E-2 1.25152E-3 3.27795E-2 
4.30381E-3 1.61486E-2 1.25152E-3 3.27795E-2 
4.30381E-3 1.61486E-2 1.25152E-3 3.27795E-2 
4.30381E-3 1.61486E-2 1.25152E-3 3.27795E-2 
4.30381E-3 1.61486E-2 1.25152E-3 3.27795E-2 
4.30381E-3 1.61486E-2 1.25152E-3 3.27795E-2 
4.30382E-3 1.61486E-2 1.25152E-3 3.27795E-2 
4.30382E-3 1.61486E-2 1.25152E-3 3.27795E-2 
4.30382E-3 1.61486E-2 1.25152E-3 3.27795E-2 
4.30382E-3 1.61486E-2 1.25152E-3 3.27795E-2 
4.30382E-3 1.61486E-2 1.25152E-3 3.27795E-2 
4.30382E-3 1.61486E-2 1.25152E-3 3.27795E-2 
4.30382E-3 1.61486E-2 1.25152E-3 3.27795E-2 
4.30382E-3 1.61486E-2 1.25152E-3 3.27795E-2 
4.30383E-3 1.61486E-2 1.25152E-3 3.27795E-2 
4.30383E-3 1.61486E-2 1.25152E-3 3.27795E-2 
4.30383E-3 1.61486E-2 1.25152E-3 3.27795E-2 
4.30383E-3 1.61486E-2 1.25152E-3 3.27795E-2 
4.30383E-3 1.61486E-2 1.25152E-3 3.27795E-2 
4.30383E-3 1.61487E-2 1.25152E-3 3.27795E-2 
4.30383E-3 1.61487E-2 1.25152E-3 3.27795E-2 
4.30383E-3 1.61487E-2 1.25152E-3 3.27795E-2 
4.30384E-3 1.61487E-2 1.25152E-3 3.27795E-2 
4.30384E-3 1.61487E-2 1.25152E-3 3.27794E-2 
4.30384E-3 1.61487E-2 1.25152E-3 3.27794E-2 
4.30384E-3 1.61487E-2 1.25152E-3 3.27794E-2 
4.30384E-3 1.61487E-2 1.25152E-3 3.27794E-2 
4.30384E-3 1.61487E-2 1.25152E-3 3.27794E-2 
4.30384E-3 1.61487E-2 1.25152E-3 3.27794E-2 
4.30384E-3 1.61487E-2 1.25152E-3 3.27794E-2 
4.30385E-3 1.61487E-2 1.25152E-3 3.27794E-2 
4.30385E-3 1.61487E-2 1.25152E-3 3.27794E-2 
4.30385E-3 1.61487E-2 1.25152E-3 3.27794E-2 
4.30385E-3 1.61487E-2 1.25152E-3 3.27794E-2 
4.30385E-3 1.61487E-2 1.25152E-3 3.27794E-2 
4.30385E-3 1.61487E-2 1.25152E-3 3.27794E-2 
4.30385E-3 1.61487E-2 1.25152E-3 3.27794E-2 
4.30385E-3 1.61487E-2 1.25152E-3 3.27794E-2 
4.30386E-3 1.61487E-2 1.25152E-3 3.27794E-2 
4.30386E-3 1.61487E-2 1.25152E-3 3.27794E-2 
4.30386E-3 1.61487E-2 1.25152E-3 3.27794E-2 
4.30386E-3 1.61487E-2 1.25152E-3 3.27794E-2 
4.30386E-3 1.61487E-2 1.25152E-3 3.27794E-2 
4.30386E-3 1.61487E-2 1.25152E-3 3.27794E-2 
4.30386E-3 1.61487E-2 1.25152E-3 3.27794E-2 
4.30386E-3 1.61487E-2 1.25152E-3 3.27794E-2 
4.30386E-3 1.61487E-2 1.25152E-3 3.27794E-2 
4.30387E-3 1.61488E-2 1.25152E-3 3.27794E-2 
4.30387E-3 1.61488E-2 1.25152E-3 3.27794E-2 
4.30387E-3 1.61488E-2 1.25152E-3 3.27794E-2 
4.30387E-3 1.61488E-2 1.25152E-3 3.27794E-2 
4.30387E-3 1.61488E-2 1.25152E-3 3.27794E-2 
4.30387E-3 1.61488E-2 1.25152E-3 3.27794E-2 
4.30387E-3 1.61488E-2 1.25152E-3 3.27794E-2 
4.30387E-3 1.61488E-2 1.25152E-3 3.27794E-2 
4.30387E-3 1.61488E-2 1.25152E-3 3.27794E-2 
4.30388E-3 1.61488E-2 1.25152E-3 3.27794E-2 
4.30388E-3 1.61488E-2 1.25152E-3 3.27794E-2 
4.30388E-3 1.61488E-2 1.25152E-3 3.27794E-2 
4.30388E-3 1.61488E-2 1.25152E-3 3.27794E-2 
4.30388E-3 1.61488E-2 1.25152E-3 3.27794E-2 
4.30388E-3 1.61488E-2 1.25152E-3 3.27794E-2 
4.30388E-3 1.61488E-2 1.25152E-3 3.27794E-2 
4.30388E-3 1.61488E-2 1.25152E-3 3.27794E-2 
4.30388E-3 1.61488E-2 1.25152E-3 3.27794E-2 
4.30389E-3 1.61488E-2 1.25152E-3 3.27794E-2 
4.30389E-3 1.61488E-2 1.25152E-3 3.27794E-2 
4.30389E-3 1.61488E-2 1.25152E-3 3.27794E-2 
4.30389E-3 1.61488E-2 1.25152E-3 3.27794E-2 
4.30389E-3 1.61488E-2 1.25152E-3 3.27794E-2 
4.30389E-3 1.61488E-2 1.25152E-3 3.27794E-2 
4.30389E-3 1.61488E-2 1.25152E-3 3.27794E-2 
4.30389E-3 1.61488E-2 1.25152E-3 3.27794E-2 
4.30389E-3 1.61488E-2 1.25152E-3 3.27794E-2 
4.30389E-3 1.61488E-2 1.25152E-3 3.27794E-2 
4.30390E-3 1.61488E-2 1.25152E-3 3.27794E-2 
4.30390E-3 1.61488E-2 1.25152E-3 3.27794E-2 
4.30390E-3 1.61488E-2 1.25152E-3 3.27794E-2 
4.30390E-3 1.61488E-2 1.25152E-3 3.27794E-2 
4.30390E-3 1.61489E-2 1.25152E-3 3.27794E-2 
4.30390E-3 1.61489E-2 1.25152E-3 3.27794E-2 
4.30390E-3 1.61489E-2 1.25151E-3 3.27794E-2 
4.30390E-3 1.61489E-2 1.25151E-3 3.27794E-2 
4.30390E-3 1.61489E-2 1.25151E-3 3.27794E-2 
4.30390E-3 1.61489E-2 1.25151E-3 3.27794E-2 
4.30391E-3 1.61489E-2 1.25151E-3 3.27794E-2 
4.30391E-3 1.61489E-2 1.25151E-3 3.27794E-2 
4.30391E-3 1.61489E-2 1.25151E-3 3.27794E-2 
4.30391E-3 1.61489E-2 1.25151E-3 3.27794E-2 
4.30391E-3 1.61489E-2 1.25151E-3 3.27794E-2 
4.30391E-3 1.61489E-2 1.25151E-3 3.27794E-2 
4.30391E-3 1.61489E-2 1.25151E-3 3.27794E-2 
4.30391E-3 1.61489E-2 1.25151E-3 3.27794E-2 
4.30391E-3 1.61489E-2 1.25151E-3 3.27794E-2 
4.30391E-3 1.61489E-2 1.25151E-3 3.27794E-2 
4.30392E-3 1.61489E-2 1.25151E-3 3.27794E-2 
4.30392E-3 1.61489E-2 1.25151E-3 3.27794E-2 
4.30392E-3 1.61489E-2 1.25151E-3 3.27794E-2 
4.30392E-3 1.61489E-2 1.25151E-3 3.27794E-2 
4.30392E-3 1.61489E-2 1.25151E-3 3.27794E-2 
4.30392E-3 1.61489E-2 1.25151E-3 3.27794E-2 
4.30392E-3 1.61489E-2 1.25151E-3 3.27794E-2 
4.30392E-3 1.61489E-2 1.25151E-3 3.27794E-2 
4.30392E-3 1.61489E-2 1.25151E-3 3.27794E-2 
4.30392E-3 1.61489E-2 1.25151E-3 3.27794E-2 
4.30392E-3 1.61489E-2 1.25151E-3 3.27794E-2 
4.30393E-3 1.61489E-2 1.25151E-3 3.27794E-2 
4.30393E-3 1.61489E-2 1.25151E-3 3.27794E-2 
4.30393E-3 1.61489E-2 1.25151E-3 3.27794E-2 
4.30393E-3 1.61489E-2 1.25151E-3 3.27794E-2 
4.30393E-3 1.61489E-2 1.25151E-3 3.27794E-2 
4.30393E-3 1.61489E-2 1.25151E-3 3.27794E-2 
4.30393E-3 1.61489E-2 1.25151E-3 3.27794E-2 
4.30393E-3 1.61489E-2 1.25151E-3 3.27794E-2 
4.30393E-3 1.61490E-2 1.25151E-3 3.27794E-2 
4.30393E-3 1.61490E-2 1.25151E-3 3.27794E-2 
4.30393E-3 1.61490E-2 1.25151E-3 3.27794E-2 
4.30394E-3 1.61490E-2 1.25151E-3 3.27794E-2 
4.30394E-3 1.61490E-2 1.25151E-3 3.27794E-2 
4.30394E-3 1.61490E-2 1.25151E-3 3.27794E-2 
4.30394E-3 1.61490E-2 1.25151E-3 3.27794E-2 
4.30394E-3 1.61490E-2 1.25151E-3 3.27794E-2 
4.30394E-3 1.61490E-2 1.25151E-3 3.27794E-2 
4.30394E-3 1.61490E-2 1.25151E-3 3.27794E-2 
4.30394E-3 1.61490E-2 1.25151E-3 3.27794E-2 
4.30394E-3 1.61490E-2 1.25151E-3 3.27794E-2 
4.30394E-3 1.61490E-2 1.25151E-3 3.27794E-2 
4.30394E-3 1.61490E-2 1.25151E-3 3.27794E-2 
4.30394E-3 1.61490E-2 1.25151E-3 3.27794E-2 
4.30395E-3 1.61490E-2 1.25151E-3 3.27794E-2 
4.30395E-3 1.61490E-2 1.25151E-3 3.27794E-2 
4.30395E-3 1.61490E-2 1.25151E-3 3.27794E-2 
4.30395E-3 1.61490E-2 1.25151E-3 3.27794E-2 
4.30395E-3 1.61490E-2 1.25151E-3 3.27794E-2 
4.30395E-3 1.61490E-2 1.25151E-3 3.27794E-2 
4.30395E-3 1.61490E-2 1.25151E-3 3.27794E-2 
4.30395E-3 1.61490E-2 1.25151E-3 3.27794E-2 
4.30395E-3 1.61490E-2 1.25151E-3 3.27794E-2 
4.30395E-3 1.61490E-2 1.25151E-3 3.27794E-2 
4.30395E-3 1.61490E-2 1.25151E-3 3.27794E-2 
4.30395E-3 1.61490E-2 1.25151E-3 3.27794E-2 
4.30396E-3 1.61490E-2 1.25151E-3 3.27794E-2 
4.30396E-3 1.61490E-2 1.25151E-3 3.27794E-2 
4.30396E-3 1.61490E-2 1.25151E-3 3.27794E-2 
4.30396E-3 1.61490E-2 1.25151E-3 3.27794E-2 
4.30396E-3 1.61490E-2 1.25151E-3 3.27794E-2 
4.30396E-3 1.61490E-2 1.25151E-3 3.27794E-2 
4.30396E-3 1.61490E-2 1.25151E-3 3.27794E-2 
4.30396E-3 1.61490E-2 1.25151E-3 3.27794E-2 
4.30396E-3 1.61490E-2 1.25151E-3 3.27794E-2 
4.30396E-3 1.61490E-2 1.25151E-3 3.27794E-2 
4.30396E-3 1.61490E-2 1.25151E-3 3.27794E-2 
4.30396E-3 1.61490E-2 1.25151E-3 3.27794E-2 
4.30396E-3 1.61490E-2 1.25151E-3 3.27794E-2 
4.30397E-3 1.61490E-2 1.25151E-3 3.27794E-2 
4.30397E-3 1.61491E-2 1.25151E-3 3.27794E-2 
4.30397E-3 1.61491E-2 1.25151E-3 3.27794E-2 
4.30397E-3 1.61491E-2 1.25151E-3 3.27793E-2 
4.30397E-3 1.61491E-2 1.25151E-3 3.27793E-2 
4.30397E-3 1.61491E-2 1.25151E-3 3.27793E-2 
4.30397E-3 1.61491E-2 1.25151E-3 3.27793E-2 
4.30397E-3 1.61491E-2 1.25151E-3 3.27793E-2 
4.30397E-3 1.61491E-2 1.25151E-3 3.27793E-2 
4.30397E-3 1.61491E-2 1.25151E-3 3.27793E-2 
4.30397E-3 1.61491E-2 1.25151E-3 3.27793E-2 
4.30397E-3 1.61491E-2 1.25151E-3 3.27793E-2 
4.30397E-3 1.61491E-2 1.25151E-3 3.27793E-2 
4.30398E-3 1.61491E-2 1.25151E-3 3.27793E-2 
4.30398E-3 1.61491E-2 1.25151E-3 3.27793E-2 
4.30398E-3 1.61491E-2 1.25151E-3 3.27793E-2 
4.30398E-3 1.61491E-2 1.25151E-3 3.27793E-2 
4.30398E-3 1.61491E-2 1.25151E-3 3.27793E-2 
4.30398E-3 1.61491E-2 1.25151E-3 3.27793E-2 
4.30398E-3 1.61491E-2 1.25151E-3 3.27793E-2 
4.30398E-3 1.61491E-2 1.25151E-3 3.27793E-2 
4.30398E-3 1.61491E-2 1.25151E-3 3.27793E-2 
4.30398E-3 1.61491E-2 1.25151E-3 3.27793E-2 
4.30398E-3 1.61491E-2 1.25151E-3 3.27793E-2 
4.30398E-3 1.61491E-2 1.25151E-3 3.27793E-2 
4.30398E-3 1.61491E-2 1.25151E-3 3.27793E-2 
4.30398E-3 1.61491E-2 1.25151E-3 3.27793E-2 
4.30399E-3 1.61491E-2 1.25151E-3 3.27793E-2 
4.30399E-3 1.61491E-2 1.25151E-3 3.27793E-2 
4.30399E-3 1.61491E-2 1.25151E-3 3.27793E-2 
4.30399E-3 1.61491E-2 1.25151E-3 3.27793E-2 
4.30399E-3 1.61491E-2 1.25151E-3 3.27793E-2 
4.30399E-3 1.61491E-2 1.25151E-3 3.27793E-2 
4.30399E-3 1.61491E-2 1.25151E-3 3.27793E-2 
4.30399E-3 1.61491E-2 1.25150E-3 3.27793E-2 
4.30399E-3 1.61491E-2 1.25150E-3 3.27793E-2 
4.30399E-3 1.61491E-2 1.25150E-3 3.27793E-2 
4.30399E-3 1.61491E-2 1.25150E-3 3.27793E-2 
4.30399E-3 1.61491E-2 1.25150E-3 3.27793E-2 
4.30399E-3 1.61491E-2 1.25150E-3 3.27793E-2 
4.30399E-3 1.61491E-2 1.25150E-3 3.27793E-2 
4.30399E-3 1.61491E-2 1.25150E-3 3.27793E-2 
4.30400E-3 1.61491E-2 1.25150E-3 3.27793E-2 
4.30400E-3 1.61491E-2 1.25150E-3 3.27793E-2 
4.30400E-3 1.61491E-2 1.25150E-3 3.27793E-2 
4.30400E-3 1.61491E-2 1.25150E-3 3.27793E-2 
4.30400E-3 1.61491E-2 1.25150E-3 3.27793E-2 
4.30400E-3 1.61491E-2 1.25150E-3 3.27793E-2 
4.30400E-3 1.61492E-2 1.25150E-3 3.27793E-2 
4.30400E-3 1.61492E-2 1.25150E-3 3.27793E-2 
4.30400E-3 1.61492E-2 1.25150E-3 3.27793E-2 
4.30400E-3 1.61492E-2 1.25150E-3 3.27793E-2 
4.30400E-3 1.61492E-2 1.25150E-3 3.27793E-2 
4.30400E-3 1.61492E-2 1.25150E-3 3.27793E-2 
4.30400E-3 1.61492E-2 1.25150E-3 3.27793E-2 
4.30400E-3 1.61492E-2 1.25150E-3 3.27793E-2 
4.30400E-3 1.61492E-2 1.25150E-3 3.27793E-2 
4.30401E-3 1.61492E-2 1.25150E-3 3.27793E-2 
4.30401E-3 1.61492E-2 1.25150E-3 3.27793E-2 
4.30401E-3 1.61492E-2 1.25150E-3 3.27793E-2 
4.30401E-3 1.61492E-2 1.25150E-3 3.27793E-2 
4.30401E-3 1.61492E-2 1.25150E-3 3.27793E-2 
4.30401E-3 1.61492E-2 1.25150E-3 3.27793E-2 
4.30401E-3 1.61492E-2 1.25150E-3 3.27793E-2 
4.30401E-3 1.61492E-2 1.25150E-3 3.27793E-2 
4.30401E-3 1.61492E-2 1.25150E-3 3.27793E-2 
4.30401E-3 1.61492E-2 1.25150E-3 3.27793E-2 
4.30401E-3 1.61492E-2 1.25150E-3 3.27793E-2 
4.30401E-3 1.61492E-2 1.25150E-3 3.27793E-2 
4.30401E-3 1.61492E-2 1.25150E-3 3.27793E-2 
4.30401E-3 1.61492E-2 1.25150E-3 3.27793E-2 
4.30401E-3 1.61492E-2 1.25150E-3 3.27793E-2 
4.30401E-3 1.61492E-2 1.25150E-3 3.27793E-2 
4.30402E-3 1.61492E-2 1.25150E-3 3.27793E-2 
4.30402E-3 1.61492E-2 1.25150E-3 3.27793E-2 
4.30402E-3 1.61492E-2 1.25150E-3 3.27793E-2 
4.30402E-3 1.61492E-2 1.25150E-3 3.27793E-2 
4.30402E-3 1.61492E-2 1.25150E-3 3.27793E-2 
4.30402E-3 1.61492E-2 1.25150E-3 3.27793E-2 
4.30402E-3 1.61492E-2 1.25150E-3 3.27793E-2 
4.30402E-3 1.61492E-2 1.25150E-3 3.27793E-2 
4.30402E-3 1.61492E-2 1.25150E-3 3.27793E-2 
4.30402E-3 1.61492E-2 1.25150E-3 3.27793E-2 
4.30402E-3 1.61492E-2 1.25150E-3 3.27793E-2 
4.30402E-3 1.61492E-2 1.25150E-3 3.27793E-2 
4.30402E-3 1.61492E-2 1.25150E-3 3.27793E-2 
4.30402E-3 1.61492E-2 1.25150E-3 3.27793E-2 
4.30402E-3 1.61492E-2 1.25150E-3 3.27793E-2 
4.30402E-3 1.61492E-2 1.25150E-3 3.27793E-2 
4.30402E-3 1.61492E-2 1.25150E-3 3.27793E-2 
4.30402E-3 1.61492E-2 1.25150E-3 3.27793E-2 
4.30403E-3 1.61492E-2 1.25150E-3 3.27793E-2 
4.30403E-3 1.61492E-2 1.25150E-3 3.27793E-2 
4.30403E-3 1.61492E-2 1.25150E-3 3.27793E-2 
4.30403E-3 1.61492E-2 1.25150E-3 3.27793E-2 
4.30403E-3 1.61492E-2 1.25150E-3 3.27793E-2 
4.30403E-3 1.61492E-2 1.25150E-3 3.27793E-2 
4.30403E-3 1.61492E-2 1.25150E-3 3.27793E-2 
4.30403E-3 1.61492E-2 1.25150E-3 3.27793E-2 
4.30403E-3 1.61492E-2 1.25150E-3 3.27793E-2 
4.30403E-3 1.61492E-2 1.25150E-3 3.27793E-2 
4.30403E-3 1.61492E-2 1.25150E-3 3.27793E-2 
4.30403E-3 1.61492E-2 1.25150E-3 3.27793E-2 
4.30403E-3 1.61492E-2 1.25150E-3 3.27793E-2 
4.30403E-3 1.61493E-2 1.25150E-3 3.27793E-2 
4.30403E-3 1.61493E-2 1.25150E-3 3.27793E-2 
4.30403E-3 1.61493E-2 1.25150E-3 3.27793E-2 
4.30403E-3 1.61493E-2 1.25150E-3 3.27793E-2 
4.30403E-3 1.61493E-2 1.25150E-3 3.27793E-2 
4.30404E-3 1.61493E-2 1.25150E-3 3.27793E-2 
4.30404E-3 1.61493E-2 1.25150E-3 3.27793E-2 
4.30404E-3 1.61493E-2 1.25150E-3 3.27793E-2 
4.30404E-3 1.61493E-2 1.25150E-3 3.27793E-2 
4.30404E-3 1.61493E-2 1.25150E-3 3.27793E-2 
4.30404E-3 1.61493E-2 1.25150E-3 3.27793E-2 
4.30404E-3 1.61493E-2 1.25150E-3 3.27793E-2 
4.30404E-3 1.61493E-2 1.25150E-3 3.27793E-2 
4.30404E-3 1.61493E-2 1.25150E-3 3.27793E-2 
4.30404E-3 1.61493E-2 1.25150E-3 3.27793E-2 
4.30404E-3 1.61493E-2 1.25150E-3 3.27793E-2 
4.30404E-3 1.61493E-2 1.25150E-3 3.27793E-2 
4.30404E-3 1.61493E-2 1.25150E-3 3.27793E-2 
4.30404E-3 1.61493E-2 1.25150E-3 3.27793E-2 
4.30404E-3 1.61493E-2 1.25150E-3 3.27793E-2 
4.30404E-3 1.61493E-2 1.25150E-3 3.27793E-2 
4.30404E-3 1.61493E-2 1.25150E-3 3.27793E-2 
4.30404E-3 1.61493E-2 1.25150E-3 3.27793E-2 
4.30404E-3 1.61493E-2 1.25150E-3 3.27793E-2 
4.30404E-3 1.61493E-2 1.25150E-3 3.27793E-2 
4.30405E-3 1.61493E-2 1.25150E-3 3.27793E-2 
4.30405E-3 1.61493E-2 1.25150E-3 3.27793E-2 
4.30405E-3 1.61493E-2 1.25150E-3 3.27793E-2 
4.30405E-3 1.61493E-2 1.25150E-3 3.27793E-2 
4.30405E-3 1.61493E-2 1.25150E-3 3.27793E-2 
4.30405E-3 1.61493E-2 1.25150E-3 3.27793E-2 
4.30405E-3 1.61493E-2 1.25150E-3 3.27793E-2 
4.30405E-3 1.61493E-2 1.25150E-3 3.27793E-2 
4.30405E-3 1.61493E-2 1.25150E-3 3.27793E-2 
4.30405E-3 1.61493E-2 1.25150E-3 3.27793E-2 
4.30405E-3 1.61493E-2 1.25150E-3 3.27793E-2 
4.30405E-3 1.61493E-2 1.25150E-3 3.27793E-2 
4.30405E-3 1.61493E-2 1.25150E-3 3.27793E-2 
4.30405E-3 1.61493E-2 1.25150E-3 3.27793E-2 
4.30405E-3 1.61493E-2 1.25150E-3 3.27793E-2 
4.30405E-3 1.61493E-2 1.25150E-3 3.27793E-2 
4.30405E-3 1.61493E-2 1.25150E-3 3.27793E-2 
4.30405E-3 1.61493E-2 1.25150E-3 3.27793E-2 
4.30405E-3 1.61493E-2 1.25150E-3 3.27793E-2 
4.30405E-3 1.61493E-2 1.25150E-3 3.27793E-2 
4.30405E-3 1.61493E-2 1.25150E-3 3.27793E-2 
4.30406E-3 1.61493E-2 1.25150E-3 3.27793E-2 
4.30406E-3 1.61493E-2 1.25150E-3 3.27793E-2 
4.30406E-3 1.61493E-2 1.25150E-3 3.27793E-2 
4.30406E-3 1.61493E-2 1.25150E-3 3.27793E-2 
4.30406E-3 1.61493E-2 1.25150E-3 3.27793E-2 
4.30406E-3 1.61493E-2 1.25150E-3 3.27793E-2 
4.30406E-3 1.61493E-2 1.25150E-3 3.27793E-2 
4.30406E-3 1.61493E-2 1.25150E-3 3.27793E-2 
4.30406E-3 1.61493E-2 1.25150E-3 3.27793E-2 
4.30406E-3 1.61493E-2 1.25150E-3 3.27793E-2 
4.30406E-3 1.61493E-2 1.25150E-3 3.27793E-2 
4.30406E-3 1.61493E-2 1.25150E-3 3.27793E-2 
4.30406E-3 1.61493E-2 1.25150E-3 3.27793E-2 
4.30406E-3 1.61493E-2 1.25150E-3 3.27793E-2 
4.30406E-3 1.61493E-2 1.25150E-3 3.27793E-2 
4.30406E-3 1.61493E-2 1.25150E-3 3.27793E-2 
4.30406E-3 1.61493E-2 1.25150E-3 3.27793E-2 
4.30406E-3 1.61493E-2 1.25150E-3 3.27793E-2 
4.30406E-3 1.61493E-2 1.25150E-3 3.27793E-2 
4.30406E-3 1.61493E-2 1.25150E-3 3.27793E-2 
4.30406E-3 1.61493E-2 1.25150E-3 3.27793E-2 
4.30406E-3 1.61493E-2 1.25150E-3 3.27793E-2 
4.30406E-3 1.61493E-2 1.25150E-3 3.27793E-2 
4.30407E-3 1.61493E-2 1.25150E-3 3.27793E-2 
4.30407E-3 1.61494E-2 1.25150E-3 3.27793E-2 
4.30407E-3 1.61494E-2 1.25150E-3 3.27793E-2 
4.30407E-3 1.61494E-2 1.25150E-3 3.27793E-2 
4.30407E-3 1.61494E-2 1.25150E-3 3.27793E-2 
4.30407E-3 1.61494E-2 1.25150E-3 3.27793E-2 
4.30407E-3 1.61494E-2 1.25150E-3 3.27793E-2 
4.30407E-3 1.61494E-2 1.25150E-3 3.27793E-2 
4.30407E-3 1.61494E-2 1.25150E-3 3.27793E-2 
4.30407E-3 1.61494E-2 1.25150E-3 3.27793E-2 
4.30407E-3 1.61494E-2 1.25150E-3 3.27793E-2 
4.30407E-3 1.61494E-2 1.25150E-3 3.27793E-2 
4.30407E-3 1.61494E-2 1.25150E-3 3.27793E-2 
4.30407E-3 1.61494E-2 1.25150E-3 3.27793E-2 
4.30407E-3 1.61494E-2 1.25150E-3 3.27793E-2 
4.30407E-3 1.61494E-2 1.25150E-3 3.27793E-2 
4.30407E-3 1.61494E-2 1.25150E-3 3.27793E-2 
4.30407E-3 1.61494E-2 1.25150E-3 3.27793E-2 
4.30407E-3 1.61494E-2 1.25150E-3 3.27793E-2 
4.30407E-3 1.61494E-2 1.25150E-3 3.27793E-2 
4.30407E-3 1.61494E-2 1.25150E-3 3.27793E-2 
4.30407E-3 1.61494E-2 1.25150E-3 3.27793E-2 
4.30407E-3 1.61494E-2 1.25150E-3 3.27793E-2 
4.30407E-3 1.61494E-2 1.25149E-3 3.27793E-2 
4.30408E-3 1.61494E-2 1.25149E-3 3.27793E-2 
4.30408E-3 1.61494E-2 1.25149E-3 3.27793E-2 
4.30408E-3 1.61494E-2 1.25149E-3 3.27793E-2 
4.30408E-3 1.61494E-2 1.25149E-3 3.27793E-2 
4.30408E-3 1.61494E-2 1.25149E-3 3.27793E-2 
4.30408E-3 1.61494E-2 1.25149E-3 3.27793E-2 
4.30408E-3 1.61494E-2 1.25149E-3 3.27793E-2 
4.30408E-3 1.61494E-2 1.25149E-3 3.27793E-2 
4.30408E-3 1.61494E-2 1.25149E-3 3.27793E-2 
4.30408E-3 1.61494E-2 1.25149E-3 3.27793E-2 
4.30408E-3 1.61494E-2 1.25149E-3 3.27793E-2 
4.30408E-3 1.61494E-2 1.25149E-3 3.27793E-2 
4.30408E-3 1.61494E-2 1.25149E-3 3.27793E-2 
4.30408E-3 1.61494E-2 1.25149E-3 3.27793E-2 
4.30408E-3 1.61494E-2 1.25149E-3 3.27793E-2 
4.30408E-3 1.61494E-2 1.25149E-3 3.27793E-2 
4.30408E-3 1.61494E-2 1.25149E-3 3.27793E-2 
4.30408E-3 1.61494E-2 1.25149E-3 3.27793E-2 
4.30408E-3 1.61494E-2 1.25149E-3 3.27793E-2 
4.30408E-3 1.61494E-2 1.25149E-3 3.27793E-2 
4.30408E-3 1.61494E-2 1.25149E-3 3.27793E-2 
4.30408E-3 1.61494E-2 1.25149E-3 3.27793E-2 
4.30408E-3 1.61494E-2 1.25149E-3 3.27793E-2 
4.30408E-3 1.61494E-2 1.25149E-3 3.27793E-2 
4.30408E-3 1.61494E-2 1.25149E-3 3.27793E-2 
4.30408E-3 1.61494E-2 1.25149E-3 3.27793E-2 
4.30408E-3 1.61494E-2 1.25149E-3 3.27793E-2 
4.30409E-3 1.61494E-2 1.25149E-3 3.27793E-2 
4.30409E-3 1.61494E-2 1.25149E-3 3.27793E-2 
4.30409E-3 1.61494E-2 1.25149E-3 3.27793E-2 
4.30409E-3 1.61494E-2 1.25149E-3 3.27793E-2 
4.30409E-3 1.61494E-2 1.25149E-3 3.27793E-2 
4.30409E-3 1.61494E-2 1.25149E-3 3.27793E-2 
4.30409E-3 1.61494E-2 1.25149E-3 3.27793E-2 
4.30409E-3 1.61494E-2 1.25149E-3 3.27793E-2 
4.30409E-3 1.61494E-2 1.25149E-3 3.27793E-2 
4.30409E-3 1.61494E-2 1.25149E-3 3.27793E-2 
4.30409E-3 1.61494E-2 1.25149E-3 3.27793E-2 
4.30409E-3 1.61494E-2 1.25149E-3 3.27793E-2 
4.30409E-3 1.61494E-2 1.25149E-3 3.27793E-2 
4.30409E-3 1.61494E-2 1.25149E-3 3.27793E-2 
4.30409E-3 1.61494E-2 1.25149E-3 3.27793E-2 
4.30409E-3 1.61494E-2 1.25149E-3 3.27793E-2 
4.30409E-3 1.61494E-2 1.25149E-3 3.27793E-2 
4.30409E-3 1.61494E-2 1.25149E-3 3.27793E-2 
4.30409E-3 1.61494E-2 1.25149E-3 3.27793E-2 
4.30409E-3 1.61494E-2 1.25149E-3 3.27793E-2 
4.30409E-3 1.61494E-2 1.25149E-3 3.27793E-2 
4.30409E-3 1.61494E-2 1.25149E-3 3.27793E-2 
4.30409E-3 1.61494E-2 1.25149E-3 3.27793E-2 
4.30409E-3 1.61494E-2 1.25149E-3 3.27793E-2 
4.30409E-3 1.61494E-2 1.25149E-3 3.27793E-2 
4.30409E-3 1.61494E-2 1.25149E-3 3.27793E-2 
4.30409E-3 1.61494E-2 1.25149E-3 3.27793E-2 
4.30409E-3 1.61494E-2 1.25149E-3 3.27793E-2 
4.30409E-3 1.61494E-2 1.25149E-3 3.27793E-2 
4.30409E-3 1.61494E-2 1.25149E-3 3.27793E-2 
4.30410E-3 1.61494E-2 1.25149E-3 3.27793E-2 
4.30410E-3 1.61494E-2 1.25149E-3 3.27793E-2 
4.30410E-3 1.61494E-2 1.25149E-3 3.27793E-2 
4.30410E-3 1.61494E-2 1.25149E-3 3.27793E-2 
4.30410E-3 1.61494E-2 1.25149E-3 3.27793E-2 
4.30410E-3 1.61494E-2 1.25149E-3 3.27793E-2 
4.30410E-3 1.61494E-2 1.25149E-3 3.27793E-2 
4.30410E-3 1.61494E-2 1.25149E-3 3.27793E-2 
4.30410E-3 1.61494E-2 1.25149E-3 3.27792E-2 
4.30410E-3 1.61494E-2 1.25149E-3 3.27792E-2 
4.30410E-3 1.61494E-2 1.25149E-3 3.27792E-2 
4.30410E-3 1.61494E-2 1.25149E-3 3.27792E-2 
4.30410E-3 1.61494E-2 1.25149E-3 3.27792E-2 
4.30410E-3 1.61495E-2 1.25149E-3 3.27792E-2 
4.30410E-3 1.61495E-2 1.25149E-3 3.27792E-2 
4.30410E-3 1.61495E-2 1.25149E-3 3.27792E-2 
4.30410E-3 1.61495E-2 1.25149E-3 3.27792E-2 
4.30410E-3 1.61495E-2 1.25149E-3 3.27792E-2 
4.30410E-3 1.61495E-2 1.25149E-3 3.27792E-2 
4.30410E-3 1.61495E-2 1.25149E-3 3.27792E-2 
4.30410E-3 1.61495E-2 1.25149E-3 3.27792E-2 
4.30410E-3 1.61495E-2 1.25149E-3 3.27792E-2 
4.30410E-3 1.61495E-2 1.25149E-3 3.27792E-2 
4.30410E-3 1.61495E-2 1.25149E-3 3.27792E-2 
4.30410E-3 1.61495E-2 1.25149E-3 3.27792E-2 
4.30410E-3 1.61495E-2 1.25149E-3 3.27792E-2 
