    ENTIRE 
9.99999E-1 

-7.106E-16 
-8.072E-16 
-7.372E-16 
-6.289E-16 
-6.488E-16 
-6.036E-16 
-5.792E-16 
-5.607E-16 
-5.472E-16 
-5.384E-16 
-5.374E-16 
-5.305E-16 
-5.240E-16 
-5.229E-16 
-5.170E-16 
-5.121E-16 
-5.047E-16 
-4.948E-16 
-4.871E-16 
-4.738E-16 
-4.579E-16 
-4.452E-16 
-4.310E-16 
-4.174E-16 
-4.069E-16 
-3.987E-16 
-3.949E-16 
-3.946E-16 
-3.907E-16 
-3.954E-16 
-4.023E-16 
-4.096E-16 
-4.205E-16 
-4.312E-16 
-4.430E-16 
-4.576E-16 
-4.684E-16 
-4.823E-16 
-4.954E-16 
-5.028E-16 
-5.132E-16 
-5.223E-16 
-5.326E-16 
-5.387E-16 
-5.487E-16 
-5.514E-16 
-5.506E-16 
-5.550E-16 
-5.516E-16 
-5.526E-16 
-5.501E-16 
-5.475E-16 
-5.377E-16 
-5.351E-16 
-5.326E-16 
-5.256E-16 
-5.155E-16 
-5.106E-16 
-5.107E-16 
-4.986E-16 
-4.977E-16 
-4.987E-16 
-4.903E-16 
-4.895E-16 
-4.788E-16 
-4.812E-16 
-4.820E-16 
-4.811E-16 
-4.864E-16 
-4.771E-16 
-4.916E-16 
-4.899E-16 
-4.850E-16 
-5.077E-16 
-5.023E-16 
-5.056E-16 
-5.038E-16 
-5.151E-16 
-5.236E-16 
-5.343E-16 
-5.257E-16 
-5.289E-16 
-5.380E-16 
-5.472E-16 
-5.524E-16 
-5.590E-16 
-5.620E-16 
-5.634E-16 
-5.790E-16 
-5.794E-16 
-5.781E-16 
-5.792E-16 
-5.834E-16 
-5.907E-16 
-5.940E-16 
-5.995E-16 
-6.004E-16 
-6.004E-16 
-6.041E-16 
-6.086E-16 
-6.077E-16 
-6.080E-16 
-5.963E-16 
-6.143E-16 
-6.176E-16 
-6.223E-16 
-6.264E-16 
-6.171E-16 
-6.247E-16 
-6.212E-16 
-6.213E-16 
-6.190E-16 
-6.237E-16 
-6.143E-16 
-6.235E-16 
-6.286E-16 
-6.317E-16 
-6.211E-16 
-6.301E-16 
-6.284E-16 
-6.285E-16 
-6.346E-16 
-6.268E-16 
-6.289E-16 
-6.182E-16 
-6.156E-16 
-6.169E-16 
-6.300E-16 
-6.316E-16 
-6.254E-16 
-6.275E-16 
-6.213E-16 
-6.203E-16 
-6.203E-16 
-6.290E-16 
-6.178E-16 
-6.237E-16 
-6.265E-16 
-6.288E-16 
-6.245E-16 
-6.225E-16 
-6.346E-16 
-6.275E-16 
-6.271E-16 
-6.268E-16 
-6.291E-16 
-6.286E-16 
-6.250E-16 
-6.363E-16 
-6.308E-16 
-6.313E-16 
-6.352E-16 
-6.405E-16 
-6.348E-16 
-6.337E-16 
-6.206E-16 
-6.278E-16 
-6.293E-16 
-6.401E-16 
-6.253E-16 
-6.274E-16 
-6.325E-16 
-6.314E-16 
-6.347E-16 
-6.358E-16 
-6.296E-16 
-6.392E-16 
-6.413E-16 
-6.319E-16 
-6.343E-16 
-6.286E-16 
-6.332E-16 
-6.398E-16 
-6.344E-16 
-6.296E-16 
-6.363E-16 
-6.371E-16 
-6.362E-16 
-6.459E-16 
-6.369E-16 
-6.374E-16 
-6.412E-16 
-6.434E-16 
-6.410E-16 
-6.455E-16 
-6.477E-16 
-6.482E-16 
-6.429E-16 
-6.410E-16 
-6.451E-16 
-6.414E-16 
-6.511E-16 
-6.544E-16 
-6.427E-16 
-6.554E-16 
-6.499E-16 
-6.513E-16 
-6.508E-16 
-6.525E-16 
-6.509E-16 
-6.473E-16 
-6.453E-16 
-6.495E-16 
-6.626E-16 
-6.603E-16 
-6.519E-16 
-6.505E-16 
-6.583E-16 
-6.534E-16 
-6.558E-16 
-6.490E-16 
-6.537E-16 
-6.679E-16 
-6.573E-16 
-6.579E-16 
-6.628E-16 
-6.561E-16 
-6.530E-16 
-6.621E-16 
-6.598E-16 
-6.520E-16 
-6.661E-16 
-6.564E-16 
-6.508E-16 
-6.584E-16 
-6.576E-16 
-6.538E-16 
-6.686E-16 
-6.613E-16 
-6.575E-16 
-6.592E-16 
-6.578E-16 
-6.646E-16 
-6.687E-16 
-6.609E-16 
-6.611E-16 
-6.662E-16 
-6.616E-16 
-6.674E-16 
-6.622E-16 
-6.615E-16 
-6.696E-16 
-6.639E-16 
-6.646E-16 
-6.643E-16 
-6.638E-16 
-6.587E-16 
-6.636E-16 
-6.623E-16 
-6.674E-16 
-6.613E-16 
-6.697E-16 
-6.737E-16 
-6.690E-16 
-6.652E-16 
-6.670E-16 
-6.684E-16 
-6.701E-16 
-6.818E-16 
-6.698E-16 
-6.795E-16 
-6.759E-16 
-6.660E-16 
-6.662E-16 
-6.727E-16 
-6.694E-16 
-6.827E-16 
-6.653E-16 
-6.777E-16 
-6.729E-16 
-6.581E-16 
-6.789E-16 
-6.676E-16 
-6.777E-16 
-6.751E-16 
-6.695E-16 
-6.655E-16 
-6.739E-16 
-6.676E-16 
-6.823E-16 
-6.761E-16 
-6.797E-16 
-6.760E-16 
-6.836E-16 
-6.872E-16 
-6.735E-16 
-6.714E-16 
-6.745E-16 
-6.734E-16 
-6.807E-16 
-6.801E-16 
-6.738E-16 
-6.651E-16 
-6.731E-16 
-6.788E-16 
-6.781E-16 
-6.781E-16 
-6.833E-16 
-6.760E-16 
-6.819E-16 
-6.831E-16 
-6.831E-16 
-6.715E-16 
-6.699E-16 
-6.808E-16 
-6.834E-16 
-6.796E-16 
-6.784E-16 
-6.758E-16 
-6.840E-16 
-6.935E-16 
-6.831E-16 
-6.725E-16 
-6.738E-16 
-6.776E-16 
-6.849E-16 
-6.916E-16 
-6.816E-16 
-6.805E-16 
-6.919E-16 
-6.736E-16 
-6.824E-16 
-6.684E-16 
-6.820E-16 
-6.823E-16 
-6.793E-16 
-6.769E-16 
-6.826E-16 
-6.872E-16 
-6.826E-16 
-6.813E-16 
-6.678E-16 
-6.778E-16 
-6.824E-16 
-6.813E-16 
-6.845E-16 
-6.861E-16 
-6.782E-16 
-6.660E-16 
-6.834E-16 
-6.812E-16 
-6.786E-16 
-6.727E-16 
-6.809E-16 
-6.766E-16 
-6.870E-16 
-6.764E-16 
-6.862E-16 
-6.814E-16 
-6.799E-16 
-6.857E-16 
-6.824E-16 
-6.752E-16 
-6.825E-16 
-6.867E-16 
-6.758E-16 
-6.768E-16 
-6.812E-16 
-6.814E-16 
-6.837E-16 
-6.810E-16 
-6.802E-16 
-6.735E-16 
-6.921E-16 
-6.756E-16 
-6.835E-16 
-6.855E-16 
-6.853E-16 
-6.831E-16 
-6.849E-16 
-6.839E-16 
-6.849E-16 
-6.919E-16 
-6.759E-16 
-6.823E-16 
-6.829E-16 
-6.868E-16 
-6.689E-16 
-6.830E-16 
-6.920E-16 
-6.825E-16 
-6.831E-16 
-6.823E-16 
-6.830E-16 
-6.846E-16 
-6.882E-16 
-6.807E-16 
-6.831E-16 
-6.796E-16 
-6.843E-16 
-6.811E-16 
-6.900E-16 
-6.780E-16 
-6.763E-16 
-6.856E-16 
-6.856E-16 
-6.846E-16 
-6.856E-16 
-6.900E-16 
-6.795E-16 
-6.828E-16 
-6.888E-16 
-6.895E-16 
-6.879E-16 
-6.733E-16 
-6.854E-16 
-6.857E-16 
-6.811E-16 
-6.789E-16 
-6.781E-16 
-6.878E-16 
-6.857E-16 
-6.860E-16 
-6.890E-16 
-6.913E-16 
-6.875E-16 
-6.743E-16 
-6.772E-16 
-6.836E-16 
-6.897E-16 
-6.837E-16 
-6.793E-16 
-6.805E-16 
-6.898E-16 
-6.781E-16 
-6.903E-16 
-6.841E-16 
-6.840E-16 
-6.730E-16 
-6.864E-16 
-6.871E-16 
-6.858E-16 
-6.885E-16 
-6.778E-16 
-6.888E-16 
-6.894E-16 
-6.931E-16 
-6.879E-16 
-6.863E-16 
-6.827E-16 
-6.735E-16 
-6.882E-16 
-6.820E-16 
-6.891E-16 
-6.784E-16 
-6.816E-16 
-6.821E-16 
-6.790E-16 
-6.823E-16 
-6.937E-16 
-6.879E-16 
-6.953E-16 
-6.897E-16 
-6.803E-16 
-6.923E-16 
-6.852E-16 
-6.848E-16 
-6.811E-16 
-6.914E-16 
-6.789E-16 
-6.840E-16 
-6.777E-16 
-6.914E-16 
-6.955E-16 
-6.803E-16 
-6.874E-16 
-6.799E-16 
-6.889E-16 
-6.777E-16 
-6.859E-16 
-7.023E-16 
-6.896E-16 
-6.893E-16 
-6.894E-16 
-6.847E-16 
-6.885E-16 
-6.822E-16 
-6.924E-16 
-6.863E-16 
-6.839E-16 
-6.849E-16 
-6.929E-16 
-6.928E-16 
-6.796E-16 
-6.850E-16 
-6.805E-16 
-6.838E-16 
-6.865E-16 
-6.849E-16 
-6.808E-16 
-6.850E-16 
-6.853E-16 
-6.945E-16 
-6.939E-16 
-6.932E-16 
-6.829E-16 
-6.841E-16 
-6.925E-16 
-6.802E-16 
-6.932E-16 
-6.862E-16 
-6.882E-16 
-6.903E-16 
-6.928E-16 
-6.750E-16 
-6.807E-16 
-6.883E-16 
-6.960E-16 
-6.959E-16 
-6.902E-16 
-6.923E-16 
-6.909E-16 
-6.900E-16 
-6.961E-16 
-6.853E-16 
-6.873E-16 
-6.921E-16 
-6.815E-16 
-6.972E-16 
-6.966E-16 
-6.907E-16 
-6.842E-16 
-6.918E-16 
-6.827E-16 
-6.918E-16 
-6.915E-16 
-6.782E-16 
-7.044E-16 
-6.839E-16 
-6.859E-16 
-6.896E-16 
-6.888E-16 
-6.932E-16 
-6.976E-16 
-6.831E-16 
-6.841E-16 
-6.859E-16 
-6.904E-16 
-6.755E-16 
-6.978E-16 
-6.834E-16 
-6.925E-16 
-6.803E-16 
-6.968E-16 
-6.907E-16 
-6.820E-16 
-6.898E-16 
-6.906E-16 
-6.853E-16 
-6.829E-16 
-6.907E-16 
-6.856E-16 
-6.901E-16 
-6.869E-16 
-6.776E-16 
-6.840E-16 
-6.934E-16 
-6.942E-16 
-6.850E-16 
-6.807E-16 
-6.943E-16 
-6.840E-16 
-6.957E-16 
-6.818E-16 
-6.872E-16 
-6.849E-16 
-6.827E-16 
-6.874E-16 
-6.902E-16 
-6.892E-16 
-6.800E-16 
-6.923E-16 
-6.840E-16 
-6.907E-16 
-6.863E-16 
-6.900E-16 
-6.883E-16 
-6.783E-16 
-6.746E-16 
-6.931E-16 
-6.860E-16 
-6.974E-16 
-6.865E-16 
-6.880E-16 
-7.083E-16 
-6.878E-16 
-6.865E-16 
-6.969E-16 
-6.971E-16 
-6.852E-16 
-6.899E-16 
-6.902E-16 
-6.902E-16 
-6.820E-16 
-6.854E-16 
-6.849E-16 
-6.918E-16 
-7.006E-16 
-6.892E-16 
-6.885E-16 
-6.893E-16 
-6.858E-16 
-6.810E-16 
-6.826E-16 
-6.771E-16 
-6.882E-16 
-6.779E-16 
-7.032E-16 
-6.884E-16 
-6.904E-16 
-6.944E-16 
-6.802E-16 
-6.908E-16 
-6.893E-16 
-7.045E-16 
-6.836E-16 
-6.970E-16 
-6.836E-16 
-6.956E-16 
-6.960E-16 
-6.854E-16 
-6.779E-16 
-6.835E-16 
-6.983E-16 
-6.867E-16 
-6.900E-16 
-6.834E-16 
-6.861E-16 
-6.898E-16 
-6.924E-16 
-6.887E-16 
-6.957E-16 
-6.945E-16 
-6.841E-16 
-6.905E-16 
-6.871E-16 
-6.864E-16 
-6.813E-16 
-6.934E-16 
-6.841E-16 
-6.800E-16 
-7.005E-16 
-6.895E-16 
-6.934E-16 
-6.876E-16 
-6.811E-16 
-6.934E-16 
-6.816E-16 
-6.801E-16 
-6.860E-16 
-6.908E-16 
-6.877E-16 
-6.910E-16 
-6.936E-16 
-6.874E-16 
-6.853E-16 
-6.994E-16 
-6.875E-16 
-6.926E-16 
-6.932E-16 
-6.913E-16 
-6.828E-16 
-6.871E-16 
-6.930E-16 
-6.868E-16 
-6.895E-16 
-6.889E-16 
-6.882E-16 
-6.832E-16 
-6.927E-16 
-6.930E-16 
-6.954E-16 
-6.874E-16 
-6.890E-16 
-6.911E-16 
-6.849E-16 
-6.862E-16 
-6.843E-16 
-6.876E-16 
-6.920E-16 
-7.018E-16 
-6.898E-16 
-6.908E-16 
-6.864E-16 
-6.955E-16 
-6.825E-16 
-6.788E-16 
-6.893E-16 
-6.887E-16 
-6.886E-16 
-6.904E-16 
-6.827E-16 
-6.793E-16 
-6.788E-16 
-6.903E-16 
-6.896E-16 
-6.908E-16 
-6.864E-16 
-6.878E-16 
-6.856E-16 
-6.978E-16 
-6.866E-16 
-6.813E-16 
-6.913E-16 
-6.762E-16 
-6.809E-16 
-6.815E-16 
-6.910E-16 
-6.902E-16 
-6.799E-16 
-6.899E-16 
-6.910E-16 
-6.926E-16 
-6.899E-16 
-6.860E-16 
-6.887E-16 
-6.871E-16 
-6.932E-16 
-6.943E-16 
-6.859E-16 
-6.836E-16 
-6.842E-16 
-6.887E-16 
-6.844E-16 
-6.939E-16 
-6.853E-16 
-6.795E-16 
-6.963E-16 
-6.811E-16 
-6.941E-16 
-6.873E-16 
-6.979E-16 
-6.963E-16 
-6.872E-16 
-6.880E-16 
-6.843E-16 
-6.911E-16 
-6.962E-16 
-6.885E-16 
-6.872E-16 
-6.834E-16 
-6.957E-16 
-6.901E-16 
-6.956E-16 
-6.943E-16 
-6.981E-16 
-6.894E-16 
-6.980E-16 
-6.924E-16 
-6.871E-16 
-6.945E-16 
-6.879E-16 
-6.893E-16 
-6.919E-16 
-6.888E-16 
-6.922E-16 
-6.914E-16 
-6.855E-16 
-6.889E-16 
-6.950E-16 
-6.823E-16 
-6.914E-16 
-6.949E-16 
-6.955E-16 
-6.817E-16 
-6.854E-16 
-6.918E-16 
-6.907E-16 
-6.894E-16 
-6.860E-16 
-6.880E-16 
-6.867E-16 
-7.071E-16 
-6.898E-16 
-6.813E-16 
-6.899E-16 
-6.863E-16 
-7.027E-16 
-6.877E-16 
-6.950E-16 
-6.769E-16 
-6.838E-16 
-6.883E-16 
-6.878E-16 
-6.926E-16 
-6.923E-16 
-6.914E-16 
-6.990E-16 
-6.926E-16 
-6.864E-16 
-6.867E-16 
-6.815E-16 
-6.905E-16 
-6.848E-16 
-6.871E-16 
-6.895E-16 
-6.985E-16 
-6.856E-16 
-6.821E-16 
-6.875E-16 
-6.875E-16 
-6.980E-16 
-6.899E-16 
-6.887E-16 
-6.789E-16 
-6.873E-16 
-6.927E-16 
-6.902E-16 
-6.966E-16 
-6.976E-16 
-6.902E-16 
-6.956E-16 
-6.841E-16 
-6.967E-16 
-6.958E-16 
-6.890E-16 
-6.904E-16 
-6.887E-16 
-6.961E-16 
-6.894E-16 
-6.834E-16 
-6.891E-16 
-6.859E-16 
-6.859E-16 
-6.899E-16 
-6.915E-16 
-6.980E-16 
-6.973E-16 
-6.929E-16 
-6.923E-16 
-6.860E-16 
-6.903E-16 
-6.880E-16 
-6.951E-16 
-6.884E-16 
-6.952E-16 
-6.946E-16 
-6.877E-16 
-6.922E-16 
-6.906E-16 
-6.890E-16 
-7.007E-16 
-6.873E-16 
-6.997E-16 
-6.938E-16 
-6.888E-16 
-6.947E-16 
-6.927E-16 
-6.860E-16 
-6.875E-16 
-6.868E-16 
-6.876E-16 
-7.004E-16 
-6.891E-16 
-6.925E-16 
-6.949E-16 
-6.943E-16 
-7.001E-16 
-6.833E-16 
-6.919E-16 
-7.011E-16 
-6.914E-16 
-6.860E-16 
-6.918E-16 
-6.843E-16 
-6.951E-16 
-6.866E-16 
-6.886E-16 
-6.957E-16 
-6.949E-16 
-6.889E-16 
-6.878E-16 
-6.853E-16 
-7.032E-16 
-6.898E-16 
-6.962E-16 
-6.974E-16 
-6.841E-16 
-6.866E-16 
-6.902E-16 
-6.897E-16 
-6.854E-16 
-6.914E-16 
-6.877E-16 
-6.961E-16 
-6.941E-16 
-6.878E-16 
-6.862E-16 
-6.904E-16 
-6.966E-16 
-6.831E-16 
-6.919E-16 
-6.987E-16 
-6.890E-16 
-6.955E-16 
-6.842E-16 
-6.904E-16 
-6.825E-16 
-6.960E-16 
-6.973E-16 
-6.842E-16 
-6.859E-16 
-6.864E-16 
-6.926E-16 
-6.871E-16 
-6.885E-16 
-6.959E-16 
-6.846E-16 
-6.880E-16 
-7.024E-16 
-6.876E-16 
-6.971E-16 
-6.907E-16 
-6.879E-16 
-6.846E-16 
-6.820E-16 
-6.898E-16 
-6.969E-16 
-6.811E-16 
-6.918E-16 
-6.913E-16 
-6.940E-16 
-6.876E-16 
-7.029E-16 
-6.934E-16 
-6.946E-16 
-6.885E-16 
-6.933E-16 
-6.997E-16 
-6.879E-16 
-6.927E-16 
-6.792E-16 
-6.864E-16 
-6.913E-16 
-7.047E-16 
-6.924E-16 
-6.939E-16 
-6.845E-16 
-6.928E-16 
-6.908E-16 
-6.880E-16 
-6.984E-16 
-6.844E-16 
-6.828E-16 
-6.786E-16 
-6.803E-16 
-6.973E-16 
-6.970E-16 
-6.814E-16 
-6.915E-16 
-6.916E-16 
-6.844E-16 
-6.787E-16 
-6.959E-16 
-6.897E-16 
-6.896E-16 
-6.951E-16 
-6.853E-16 
-6.881E-16 
-6.916E-16 
-6.977E-16 
-6.871E-16 
-6.951E-16 
-6.908E-16 
-6.890E-16 
-6.876E-16 
-6.978E-16 
-6.920E-16 
-6.978E-16 
-6.983E-16 
-6.935E-16 
-6.960E-16 
-6.874E-16 
-6.914E-16 
-6.848E-16 
-6.953E-16 
-6.888E-16 
-6.945E-16 
-6.863E-16 
-6.876E-16 
-6.833E-16 
-6.951E-16 
-6.859E-16 
-6.786E-16 
-6.805E-16 
-6.789E-16 
-6.945E-16 
-6.905E-16 
-7.007E-16 
-6.883E-16 
-6.885E-16 
-6.837E-16 
-6.860E-16 
-6.935E-16 
-6.879E-16 
-6.896E-16 
-6.892E-16 
-6.911E-16 
-6.814E-16 
-6.847E-16 
-7.032E-16 
-6.974E-16 
-6.897E-16 
-6.919E-16 
-6.837E-16 
-6.925E-16 
-6.961E-16 
-6.968E-16 
-6.947E-16 
-6.917E-16 
-6.891E-16 
-6.789E-16 
-6.926E-16 
-6.887E-16 
-6.895E-16 
-6.789E-16 
-6.887E-16 
-6.830E-16 
-6.877E-16 
-6.934E-16 
-6.895E-16 
-6.923E-16 
-6.894E-16 
-6.923E-16 
-6.908E-16 
-6.943E-16 
-7.032E-16 
-6.892E-16 
-6.969E-16 
-6.908E-16 
-6.947E-16 
-6.918E-16 
-6.899E-16 
-6.908E-16 
-6.941E-16 
-6.872E-16 
-6.931E-16 
-7.013E-16 
-6.861E-16 
-6.948E-16 
-6.953E-16 
-6.862E-16 
-6.901E-16 
-6.965E-16 
-6.884E-16 
-6.845E-16 
-6.891E-16 
-7.031E-16 
-6.961E-16 
-6.966E-16 
-6.934E-16 
-6.947E-16 
-6.923E-16 
-6.966E-16 
-7.018E-16 
-6.889E-16 
-6.998E-16 
-6.801E-16 
-6.863E-16 
-6.892E-16 
-6.936E-16 
-6.880E-16 
-6.863E-16 
-6.896E-16 
-6.899E-16 
-6.863E-16 
-6.968E-16 
-7.027E-16 
-6.835E-16 
-6.986E-16 
-6.934E-16 
-6.840E-16 
-6.970E-16 
-6.998E-16 
-6.967E-16 
-6.940E-16 
-6.869E-16 
-6.976E-16 
-6.885E-16 
-6.863E-16 
-6.846E-16 
-6.954E-16 
-6.928E-16 
-6.940E-16 
-6.897E-16 
-6.965E-16 
-6.843E-16 
-6.987E-16 
-6.968E-16 
-6.925E-16 
-6.945E-16 
-6.910E-16 
-6.948E-16 
-6.894E-16 
-6.957E-16 
-6.902E-16 
-6.971E-16 
-6.851E-16 
-6.887E-16 
-6.923E-16 
-7.031E-16 
-6.956E-16 
-6.886E-16 
-6.859E-16 
-6.950E-16 
-6.886E-16 
-6.932E-16 
-6.960E-16 
-6.967E-16 
-6.853E-16 
-6.863E-16 
-6.894E-16 
-6.857E-16 
-6.976E-16 
-6.874E-16 
-6.894E-16 
-6.895E-16 
-6.755E-16 
-6.864E-16 
-6.911E-16 
-6.919E-16 
-6.884E-16 
-6.934E-16 
-6.937E-16 
-6.978E-16 
-6.874E-16 
-6.955E-16 
-6.890E-16 
-6.943E-16 
-6.939E-16 
-7.006E-16 
-6.864E-16 
-6.863E-16 
-6.893E-16 
-6.832E-16 
-6.966E-16 
-6.864E-16 
-6.825E-16 
-6.895E-16 
-6.882E-16 
-6.960E-16 
-6.883E-16 
-6.883E-16 
-6.879E-16 
-6.998E-16 
-6.897E-16 
-6.831E-16 
-6.898E-16 
-6.978E-16 
-6.914E-16 
-6.887E-16 
-6.932E-16 
-6.840E-16 
-6.878E-16 
-6.911E-16 
-6.987E-16 
-6.958E-16 
-6.932E-16 
-6.984E-16 
-6.900E-16 
-6.917E-16 
-6.805E-16 
-6.994E-16 
-6.995E-16 
-6.951E-16 
-6.946E-16 
-6.820E-16 
-6.957E-16 
-6.880E-16 
-6.860E-16 
-6.871E-16 
-6.958E-16 
-6.892E-16 
-6.876E-16 
-6.899E-16 
-6.852E-16 
-7.019E-16 
-6.894E-16 
-6.817E-16 
-7.016E-16 
-6.920E-16 
-6.843E-16 
-6.895E-16 
-6.878E-16 
-6.940E-16 
-7.017E-16 
-7.013E-16 
-6.864E-16 
-6.890E-16 
-6.906E-16 
-6.922E-16 
-6.911E-16 
-6.863E-16 
-6.820E-16 
-6.931E-16 
-6.925E-16 
-6.981E-16 
-6.893E-16 
-6.823E-16 
-6.848E-16 
-6.868E-16 
-6.982E-16 
-6.843E-16 
-6.940E-16 
-7.018E-16 
-6.979E-16 
-6.882E-16 
-6.961E-16 
-6.982E-16 
-7.028E-16 
-6.820E-16 
-6.838E-16 
-6.994E-16 
-6.824E-16 
-6.981E-16 
-6.825E-16 
-6.868E-16 
-6.937E-16 
-6.950E-16 
-6.868E-16 
-6.903E-16 
-6.916E-16 
-6.882E-16 
-6.858E-16 
-6.870E-16 
-6.993E-16 
-6.944E-16 
-6.933E-16 
-6.838E-16 
-6.864E-16 
-6.880E-16 
-6.867E-16 
-6.897E-16 
-6.855E-16 
-6.866E-16 
-6.930E-16 
-6.916E-16 
-6.906E-16 
-6.898E-16 
-6.865E-16 
-6.936E-16 
-7.000E-16 
-6.795E-16 
-6.968E-16 
-6.934E-16 
-6.914E-16 
-6.969E-16 
-6.931E-16 
-6.792E-16 
-6.912E-16 
-6.821E-16 
-6.903E-16 
-6.971E-16 
-6.839E-16 
-6.946E-16 
-6.774E-16 
-6.991E-16 
-6.909E-16 
-6.954E-16 
-6.927E-16 
-6.940E-16 
-6.885E-16 
-6.820E-16 
-6.910E-16 
-6.931E-16 
-6.827E-16 
-6.919E-16 
-7.009E-16 
-6.947E-16 
-6.923E-16 
-6.929E-16 
-6.847E-16 
-6.947E-16 
-6.974E-16 
-6.927E-16 
-6.842E-16 
-6.972E-16 
-6.863E-16 
-6.892E-16 
-6.874E-16 
-6.883E-16 
-6.962E-16 
-6.888E-16 
-7.039E-16 
-6.809E-16 
-6.933E-16 
-6.920E-16 
-6.927E-16 
-6.999E-16 
-6.903E-16 
-6.940E-16 
-7.035E-16 
-6.973E-16 
-6.917E-16 
-6.913E-16 
-6.889E-16 
-6.945E-16 
-6.895E-16 
-7.019E-16 
-6.935E-16 
-6.993E-16 
-6.805E-16 
-7.001E-16 
-6.834E-16 
-7.018E-16 
-6.986E-16 
-6.927E-16 
-6.901E-16 
-6.970E-16 
-6.826E-16 
-6.964E-16 
-6.848E-16 
-6.869E-16 
-6.894E-16 
-6.763E-16 
-6.833E-16 
-6.886E-16 
-6.832E-16 
-6.889E-16 
-6.922E-16 
-6.985E-16 
-6.910E-16 
-6.842E-16 
-6.855E-16 
-7.020E-16 
-6.904E-16 
-6.831E-16 
-6.921E-16 
-6.860E-16 
-6.931E-16 
-6.896E-16 
-6.922E-16 
-6.798E-16 
-6.819E-16 
-6.901E-16 
-6.894E-16 
-6.903E-16 
-6.930E-16 
-6.910E-16 
-6.907E-16 
-6.966E-16 
-6.977E-16 
-6.897E-16 
-6.872E-16 
-6.815E-16 
-6.968E-16 
-6.921E-16 
-6.886E-16 
-6.818E-16 
-6.886E-16 
-7.000E-16 
-6.921E-16 
-6.947E-16 
-6.788E-16 
-7.003E-16 
-6.842E-16 
-7.054E-16 
-6.855E-16 
-6.926E-16 
-6.855E-16 
-6.946E-16 
-6.904E-16 
-6.870E-16 
-6.873E-16 
-6.963E-16 
-6.920E-16 
-6.931E-16 
-7.037E-16 
-6.875E-16 
-6.941E-16 
-6.820E-16 
-6.857E-16 
-6.968E-16 
-6.920E-16 
-6.896E-16 
-7.056E-16 
-6.959E-16 
-6.838E-16 
-6.830E-16 
-6.915E-16 
-6.914E-16 
-6.900E-16 
-6.919E-16 
-6.907E-16 
-6.956E-16 
-6.938E-16 
-6.833E-16 
-6.903E-16 
-6.916E-16 
-6.908E-16 
-6.910E-16 
-6.865E-16 
-6.862E-16 
-6.762E-16 
-6.870E-16 
-6.911E-16 
-6.887E-16 
-6.874E-16 
-6.967E-16 
-6.906E-16 
-6.833E-16 
-6.907E-16 
-6.958E-16 
-6.921E-16 
-6.958E-16 
-6.893E-16 
-6.824E-16 
-6.874E-16 
-6.968E-16 
-6.895E-16 
-6.938E-16 
-6.894E-16 
-6.855E-16 
-6.950E-16 
-6.932E-16 
-6.857E-16 
-6.883E-16 
-6.935E-16 
-7.058E-16 
-6.922E-16 
-6.984E-16 
-7.000E-16 
-6.820E-16 
-6.917E-16 
-6.973E-16 
-6.975E-16 
-6.950E-16 
-7.015E-16 
-6.863E-16 
-6.914E-16 
-6.957E-16 
-6.909E-16 
-6.916E-16 
-6.876E-16 
-6.913E-16 
-6.995E-16 
-6.819E-16 
-6.970E-16 
-6.919E-16 
-6.921E-16 
-6.961E-16 
-6.952E-16 
-6.918E-16 
-6.963E-16 
-6.902E-16 
-6.934E-16 
-6.896E-16 
-6.975E-16 
-7.015E-16 
-6.930E-16 
-6.952E-16 
-6.958E-16 
-6.924E-16 
-6.892E-16 
-6.806E-16 
-6.954E-16 
-6.856E-16 
-6.943E-16 
-6.918E-16 
-6.852E-16 
-6.892E-16 
-6.907E-16 
-6.748E-16 
-6.847E-16 
-6.910E-16 
-6.846E-16 
-6.910E-16 
-6.906E-16 
-6.883E-16 
-6.901E-16 
-6.875E-16 
-6.840E-16 
-6.957E-16 
-6.978E-16 
-6.857E-16 
-6.977E-16 
-6.929E-16 
-6.878E-16 
-6.900E-16 
-6.833E-16 
-6.969E-16 
-6.969E-16 
-6.860E-16 
-6.914E-16 
-6.936E-16 
-6.899E-16 
-6.868E-16 
-6.838E-16 
-6.844E-16 
-6.943E-16 
-6.972E-16 
-6.959E-16 
-6.889E-16 
-6.943E-16 
-6.903E-16 
-6.926E-16 
-6.911E-16 
-6.972E-16 
-6.947E-16 
-6.893E-16 
-6.865E-16 
-7.026E-16 
-6.912E-16 
-7.013E-16 
-6.891E-16 
-6.894E-16 
-6.943E-16 
-6.873E-16 
-6.911E-16 
-6.897E-16 
-6.872E-16 
-6.876E-16 
-6.963E-16 
-6.940E-16 
-6.974E-16 
-6.920E-16 
-6.931E-16 
-6.916E-16 
-6.903E-16 
-6.922E-16 
-6.854E-16 
-6.969E-16 
-7.048E-16 
-6.895E-16 
-6.871E-16 
-6.847E-16 
-6.854E-16 
-6.826E-16 
-6.966E-16 
-6.972E-16 
-6.856E-16 
-6.961E-16 
-6.930E-16 
-6.939E-16 
-6.961E-16 
-7.012E-16 
-6.960E-16 
-6.856E-16 
-6.829E-16 
-6.935E-16 
-6.944E-16 
-6.953E-16 
-6.936E-16 
-6.938E-16 
-6.870E-16 
-6.883E-16 
-6.881E-16 
-6.975E-16 
-6.934E-16 
-6.835E-16 
-6.866E-16 
-7.005E-16 
-6.796E-16 
-6.922E-16 
-6.927E-16 
-6.890E-16 
-6.968E-16 
-6.884E-16 
-6.974E-16 
-6.808E-16 
-6.906E-16 
-6.868E-16 
-6.991E-16 
-6.887E-16 
-6.867E-16 
-6.840E-16 
-6.845E-16 
-6.949E-16 
-6.924E-16 
-6.852E-16 
-6.868E-16 
-6.950E-16 
-6.932E-16 
-6.886E-16 
-6.825E-16 
-6.995E-16 
-6.870E-16 
-6.847E-16 
-6.907E-16 
-6.960E-16 
-6.906E-16 
-6.907E-16 
-6.905E-16 
-6.953E-16 
-7.008E-16 
-6.857E-16 
-6.856E-16 
-6.873E-16 
-6.939E-16 
-6.860E-16 
-6.869E-16 
-6.855E-16 
-6.939E-16 
-6.838E-16 
-6.914E-16 
-6.954E-16 
-6.774E-16 
-6.919E-16 
-6.876E-16 
-6.982E-16 
-6.978E-16 
-6.967E-16 
-6.774E-16 
-6.887E-16 
-6.846E-16 
-6.967E-16 
-6.921E-16 
-6.947E-16 
-6.932E-16 
-6.882E-16 
-6.879E-16 
-6.883E-16 
-7.028E-16 
-6.831E-16 
-6.808E-16 
-6.923E-16 
-6.853E-16 
-6.907E-16 
-6.821E-16 
-6.917E-16 
-6.829E-16 
-6.914E-16 
-6.925E-16 
-6.900E-16 
-6.860E-16 
-6.874E-16 
-6.885E-16 
-6.899E-16 
-6.808E-16 
-6.890E-16 
-6.974E-16 
-6.873E-16 
-6.851E-16 
-6.883E-16 
-7.082E-16 
-6.878E-16 
-6.799E-16 
-6.999E-16 
-6.852E-16 
-6.853E-16 
-6.941E-16 
-6.935E-16 
-6.913E-16 
-6.950E-16 
-7.045E-16 
-6.882E-16 
-6.904E-16 
-6.927E-16 
-6.910E-16 
-6.968E-16 
-6.786E-16 
-6.914E-16 
-6.909E-16 
-6.915E-16 
-6.969E-16 
-7.005E-16 
-6.859E-16 
-6.857E-16 
-6.935E-16 
-6.925E-16 
-6.989E-16 
-6.912E-16 
-6.914E-16 
-6.956E-16 
-6.932E-16 
-6.853E-16 
-6.951E-16 
-6.896E-16 
-6.734E-16 
-6.758E-16 
-6.973E-16 
-6.914E-16 
-6.898E-16 
-6.801E-16 
-6.889E-16 
-6.887E-16 
-6.915E-16 
-6.926E-16 
-6.932E-16 
-6.971E-16 
-6.823E-16 
-6.928E-16 
-6.933E-16 
-6.997E-16 
-6.866E-16 
-6.888E-16 
-6.835E-16 
-6.868E-16 
-6.870E-16 
-6.787E-16 
-6.919E-16 
-7.013E-16 
-6.930E-16 
-6.908E-16 
-6.925E-16 
-6.834E-16 
-6.824E-16 
-6.955E-16 
-6.907E-16 
-6.949E-16 
-7.021E-16 
-6.884E-16 
-7.001E-16 
-6.887E-16 
-6.952E-16 
-6.951E-16 
-6.853E-16 
-6.862E-16 
-6.931E-16 
-6.887E-16 
-6.907E-16 
-6.885E-16 
-6.961E-16 
-6.830E-16 
-6.912E-16 
-6.886E-16 
-6.884E-16 
-6.906E-16 
-6.818E-16 
-6.928E-16 
-6.927E-16 
-6.992E-16 
-6.818E-16 
-6.941E-16 
-6.900E-16 
-6.932E-16 
-6.930E-16 
-6.973E-16 
-6.937E-16 
-6.923E-16 
-6.827E-16 
-6.823E-16 
-6.981E-16 
-6.947E-16 
-6.986E-16 
-6.873E-16 
-6.869E-16 
-6.946E-16 
-6.857E-16 
-7.008E-16 
-6.900E-16 
-6.956E-16 
-6.902E-16 
-6.885E-16 
-6.957E-16 
-6.948E-16 
-6.817E-16 
-6.963E-16 
-6.914E-16 
-6.962E-16 
-6.950E-16 
-6.973E-16 
-6.895E-16 
-6.930E-16 
-6.908E-16 
-6.999E-16 
-6.812E-16 
-7.013E-16 
-6.880E-16 
-6.908E-16 
-6.953E-16 
-6.874E-16 
-6.896E-16 
-6.890E-16 
-6.815E-16 
-6.890E-16 
-6.865E-16 
-6.797E-16 
-6.880E-16 
-6.920E-16 
-6.971E-16 
-6.956E-16 
-6.979E-16 
-6.932E-16 
-6.944E-16 
-6.922E-16 
-6.865E-16 
-6.977E-16 
-6.913E-16 
-6.788E-16 
-7.017E-16 
-6.883E-16 
-6.918E-16 
-6.861E-16 
-6.946E-16 
-6.831E-16 
-6.987E-16 
-6.943E-16 
-6.937E-16 
-6.902E-16 
-6.827E-16 
-6.898E-16 
-6.806E-16 
-6.875E-16 
-6.870E-16 
-6.955E-16 
-6.885E-16 
-6.814E-16 
-6.916E-16 
-7.029E-16 
-6.969E-16 
-7.046E-16 
-6.830E-16 
-6.858E-16 
-6.957E-16 
-6.814E-16 
-6.947E-16 
-6.926E-16 
-6.906E-16 
-6.863E-16 
-6.905E-16 
-6.906E-16 
-6.892E-16 
-6.919E-16 
-6.871E-16 
-6.839E-16 
-6.922E-16 
-7.011E-16 
-6.885E-16 
-6.883E-16 
-6.911E-16 
-6.966E-16 
-6.898E-16 
-7.002E-16 
-6.908E-16 
-6.911E-16 
-6.919E-16 
-6.939E-16 
-6.958E-16 
-6.932E-16 
-6.857E-16 
-6.844E-16 
-6.878E-16 
-6.946E-16 
-6.874E-16 
-6.894E-16 
-6.951E-16 
-6.915E-16 
-6.791E-16 
-6.937E-16 
-6.794E-16 
-6.931E-16 
-7.030E-16 
-6.878E-16 
-7.027E-16 
-6.859E-16 
-6.807E-16 
-6.939E-16 
-6.918E-16 
-6.833E-16 
-6.913E-16 
-6.842E-16 
-6.811E-16 
-6.886E-16 
-6.921E-16 
-6.955E-16 
-6.957E-16 
-6.951E-16 
-6.844E-16 
-6.856E-16 
-6.897E-16 
-6.822E-16 
-6.826E-16 
-6.948E-16 
-6.860E-16 
-6.884E-16 
-6.930E-16 
-6.889E-16 
-6.944E-16 
-6.987E-16 
-6.894E-16 
-6.867E-16 
-6.847E-16 
-6.903E-16 
-7.011E-16 
-6.949E-16 
-6.881E-16 
-7.000E-16 
-6.966E-16 
-6.947E-16 
-6.923E-16 
-6.973E-16 
-6.903E-16 
-6.939E-16 
-6.918E-16 
-6.901E-16 
-7.000E-16 
-6.892E-16 
-6.805E-16 
-6.937E-16 
-6.894E-16 
-6.931E-16 
-6.933E-16 
-6.922E-16 
-6.886E-16 
-6.979E-16 
-6.950E-16 
-6.859E-16 
-6.949E-16 
-6.934E-16 
-6.808E-16 
-6.979E-16 
-6.930E-16 
-6.947E-16 
-6.911E-16 
-6.866E-16 
-7.023E-16 
-6.855E-16 
-6.921E-16 
-6.838E-16 
-7.036E-16 
-6.987E-16 
-6.813E-16 
-6.969E-16 
-6.840E-16 
-6.892E-16 
-6.914E-16 
-6.976E-16 
-6.847E-16 
-7.016E-16 
-6.949E-16 
-6.948E-16 
-7.035E-16 
-6.933E-16 
-6.996E-16 
-6.925E-16 
-6.906E-16 
-6.857E-16 
-6.817E-16 
-6.867E-16 
-6.921E-16 
-6.948E-16 
-6.878E-16 
-6.900E-16 
-6.893E-16 
-6.868E-16 
-6.907E-16 
-6.814E-16 
-6.954E-16 
-6.815E-16 
-6.931E-16 
-6.877E-16 
-7.051E-16 
-6.958E-16 
-6.859E-16 
-6.878E-16 
-7.043E-16 
-6.926E-16 
-6.996E-16 
-6.908E-16 
-6.930E-16 
-6.982E-16 
-6.977E-16 
-6.860E-16 
-6.970E-16 
-6.972E-16 
-6.873E-16 
-6.897E-16 
-6.958E-16 
-6.984E-16 
-6.920E-16 
-6.869E-16 
-6.762E-16 
-6.873E-16 
-6.944E-16 
-6.958E-16 
-6.943E-16 
-6.955E-16 
-6.993E-16 
-6.970E-16 
-6.897E-16 
-6.889E-16 
-7.075E-16 
-6.871E-16 
-6.866E-16 
-6.949E-16 
-6.926E-16 
-6.965E-16 
-6.897E-16 
-6.956E-16 
-6.930E-16 
-7.042E-16 
-6.883E-16 
-6.785E-16 
-6.853E-16 
-7.051E-16 
-6.872E-16 
-6.908E-16 
-6.850E-16 
-6.942E-16 
-6.945E-16 
-6.965E-16 
-6.834E-16 
-6.853E-16 
-6.944E-16 
-6.860E-16 
-6.972E-16 
-6.932E-16 
-6.878E-16 
-6.939E-16 
