3   21   25
0.000000
0.000050
0.000100
0.000150
0.000200
0.000250
0.000300
0.000350
0.000400
0.000450
0.000500
0.000550
0.000600
0.000650
0.000700
0.000750
0.000800
0.000850
0.000900
0.000950
0.001000
21
0.000000000 0.000000000 0.000000000 
0.000000000 -0.000196347 0.000000000 
0.000000000 -0.003141545 0.000000000 
0.000000000 -0.015904069 0.000000000 
0.000000000 -0.050264712 0.000000000 
0.000000000 -0.122716583 0.000000000 
0.000000000 -0.254465106 0.000000000 
0.000000000 -0.471428025 0.000000000 
0.000000000 -0.804235397 0.000000000 
0.000000000 -1.288229600 0.000000000 
0.000000000 -1.963465326 0.000000000 
0.000000000 -2.874709584 0.000000000 
0.000000000 -4.071441700 0.000000000 
0.000000000 -5.607853317 0.000000000 
0.000000000 -7.542848396 0.000000000 
0.000000000 -9.940043212 0.000000000 
0.000000000 -12.867766360 0.000000000 
0.000000000 -16.399058748 0.000000000 
0.000000000 -20.611673605 0.000000000 
0.000000000 -25.588076473 0.000000000 
0.000000000 -31.415445214 0.000000000 
22
0.000000000 0.000000000 0.000000000 
0.000000000 -0.000196347 0.000000000 
0.000000000 -0.003141545 0.000000000 
0.000000000 -0.015904069 0.000000000 
0.000000000 -0.050264712 0.000000000 
0.000000000 -0.122716583 0.000000000 
0.000000000 -0.254465106 0.000000000 
0.000000000 -0.471428025 0.000000000 
0.000000000 -0.804235397 0.000000000 
0.000000000 -1.288229600 0.000000000 
0.000000000 -1.963465326 0.000000000 
0.000000000 -2.874709584 0.000000000 
0.000000000 -4.071441700 0.000000000 
0.000000000 -5.607853317 0.000000000 
0.000000000 -7.542848396 0.000000000 
0.000000000 -9.940043212 0.000000000 
0.000000000 -12.867766360 0.000000000 
0.000000000 -16.399058748 0.000000000 
0.000000000 -20.611673605 0.000000000 
0.000000000 -25.588076473 0.000000000 
0.000000000 -31.415445214 0.000000000 
23
0.000000000 0.000000000 0.000000000 
0.000000000 -0.000196347 0.000000000 
0.000000000 -0.003141545 0.000000000 
0.000000000 -0.015904069 0.000000000 
0.000000000 -0.050264712 0.000000000 
0.000000000 -0.122716583 0.000000000 
0.000000000 -0.254465106 0.000000000 
0.000000000 -0.471428025 0.000000000 
0.000000000 -0.804235397 0.000000000 
0.000000000 -1.288229600 0.000000000 
0.000000000 -1.963465326 0.000000000 
0.000000000 -2.874709584 0.000000000 
0.000000000 -4.071441700 0.000000000 
0.000000000 -5.607853317 0.000000000 
0.000000000 -7.542848396 0.000000000 
0.000000000 -9.940043212 0.000000000 
0.000000000 -12.867766360 0.000000000 
0.000000000 -16.399058748 0.000000000 
0.000000000 -20.611673605 0.000000000 
0.000000000 -25.588076473 0.000000000 
0.000000000 -31.415445214 0.000000000 
24
0.000000000 0.000000000 0.000000000 
0.000000000 -0.000196347 0.000000000 
0.000000000 -0.003141545 0.000000000 
0.000000000 -0.015904069 0.000000000 
0.000000000 -0.050264712 0.000000000 
0.000000000 -0.122716583 0.000000000 
0.000000000 -0.254465106 0.000000000 
0.000000000 -0.471428025 0.000000000 
0.000000000 -0.804235397 0.000000000 
0.000000000 -1.288229600 0.000000000 
0.000000000 -1.963465326 0.000000000 
0.000000000 -2.874709584 0.000000000 
0.000000000 -4.071441700 0.000000000 
0.000000000 -5.607853317 0.000000000 
0.000000000 -7.542848396 0.000000000 
0.000000000 -9.940043212 0.000000000 
0.000000000 -12.867766360 0.000000000 
0.000000000 -16.399058748 0.000000000 
0.000000000 -20.611673605 0.000000000 
0.000000000 -25.588076473 0.000000000 
0.000000000 -31.415445214 0.000000000 
25
0.000000000 0.000000000 0.000000000 
0.000000000 -0.000196347 0.000000000 
0.000000000 -0.003141545 0.000000000 
0.000000000 -0.015904069 0.000000000 
0.000000000 -0.050264712 0.000000000 
0.000000000 -0.122716583 0.000000000 
0.000000000 -0.254465106 0.000000000 
0.000000000 -0.471428025 0.000000000 
0.000000000 -0.804235397 0.000000000 
0.000000000 -1.288229600 0.000000000 
0.000000000 -1.963465326 0.000000000 
0.000000000 -2.874709584 0.000000000 
0.000000000 -4.071441700 0.000000000 
0.000000000 -5.607853317 0.000000000 
0.000000000 -7.542848396 0.000000000 
0.000000000 -9.940043212 0.000000000 
0.000000000 -12.867766360 0.000000000 
0.000000000 -16.399058748 0.000000000 
0.000000000 -20.611673605 0.000000000 
0.000000000 -25.588076473 0.000000000 
0.000000000 -31.415445214 0.000000000 
46
0.000000000 0.000000000 0.000000000 
0.586056525 -0.000206587 0.000000000 
2.344226098 -0.003305386 0.000000000 
5.274508721 -0.016733514 0.000000000 
9.376904393 -0.052886169 0.000000000 
14.651413115 -0.129116624 0.000000000 
21.098034885 -0.267736232 0.000000000 
28.716769704 -0.496014423 0.000000000 
37.507617573 -0.846178707 0.000000000 
47.470578491 -1.355414672 0.000000000 
58.605652458 -2.065865984 0.000000000 
70.912839474 -3.024634388 0.000000000 
84.392139540 -4.283779705 0.000000000 
99.043552654 -5.900319838 0.000000000 
114.867078818 -7.936230766 0.000000000 
131.862718031 -10.458446546 0.000000000 
150.030470293 -13.538859315 0.000000000 
169.370335604 -17.254319288 0.000000000 
189.882313964 -21.686634758 0.000000000 
211.566405374 -26.922572095 0.000000000 
234.422609832 -33.053855750 0.000000000 
47
0.000000000 0.000000000 0.000000000 
0.586056525 35.960115810 0.000000000 
2.344226098 143.837984202 0.000000000 
5.274508721 323.626168058 0.000000000 
9.376904393 575.312272181 0.000000000 
14.651413115 898.878943299 0.000000000 
21.098034885 1294.303870057 0.000000000 
28.716769704 1761.559783026 0.000000000 
37.507617573 2300.614454695 0.000000000 
47.470578491 2911.430699477 0.000000000 
58.605652458 3593.966373706 0.000000000 
70.912839474 4348.174375638 0.000000000 
84.392139540 5174.002645449 0.000000000 
99.043552654 6071.394165239 0.000000000 
114.867078818 7040.286959028 0.000000000 
131.862718031 8080.614092758 0.000000000 
150.030470293 9192.303674293 0.000000000 
169.370335604 10375.278853418 0.000000000 
189.882313964 11629.457821840 0.000000000 
211.566405374 12954.753813188 0.000000000 
234.422609832 14351.075103013 0.000000000 
48
0.000000000 0.000000000 0.000000000 
0.586056525 71.034975724 0.000000000 
2.344226098 284.137423858 0.000000000 
5.274508721 639.299907284 0.000000000 
9.376904393 1136.510030806 0.000000000 
14.651413115 1775.750441149 0.000000000 
21.098034885 2556.998826962 0.000000000 
28.716769704 3480.227918813 0.000000000 
37.507617573 4545.405489193 0.000000000 
47.470578491 5752.494352513 0.000000000 
58.605652458 7101.452365109 0.000000000 
70.912839474 8592.232425235 0.000000000 
84.392139540 10224.782473069 0.000000000 
99.043552654 11999.045490710 0.000000000 
114.867078818 13914.959502178 0.000000000 
131.862718031 15972.457573414 0.000000000 
150.030470293 18171.467812284 0.000000000 
169.370335604 20511.913368572 0.000000000 
189.882313964 22993.712433985 0.000000000 
211.566405374 25616.778242152 0.000000000 
234.422609832 28381.019068624 0.000000000 
49
0.000000000 0.000000000 0.000000000 
0.586056525 104.360713698 0.000000000 
2.344226098 417.440375751 0.000000000 
5.274508721 939.231549043 0.000000000 
9.376904393 1669.721838378 0.000000000 
14.651413115 2608.893890481 0.000000000 
21.098034885 3756.725394000 0.000000000 
28.716769704 5113.189079504 0.000000000 
37.507617573 6678.252719482 0.000000000 
47.470578491 8451.879128349 0.000000000 
58.605652458 10434.026162437 0.000000000 
70.912839474 12624.646720002 0.000000000 
84.392139540 15023.688741222 0.000000000 
99.043552654 17631.095208194 0.000000000 
114.867078818 20446.804144940 0.000000000 
131.862718031 23470.748617402 0.000000000 
150.030470293 26702.856733443 0.000000000 
169.370335604 30143.051642849 0.000000000 
189.882313964 33791.251537327 0.000000000 
211.566405374 37647.369650506 0.000000000 
234.422609832 41711.314257935 0.000000000 
50
0.000000000 0.000000000 0.000000000 
0.586056525 135.116739459 0.000000000 
2.344226098 540.464478799 0.000000000 
5.274508721 1216.035780900 0.000000000 
9.376904393 2161.818250568 0.000000000 
14.651413115 3377.794534527 0.000000000 
21.098034885 4863.942321426 0.000000000 
28.716769704 6620.234341834 0.000000000 
37.507617573 8646.638368240 0.000000000 
47.470578491 10943.117215058 0.000000000 
58.605652458 13509.628738621 0.000000000 
70.912839474 16346.125837185 0.000000000 
84.392139540 19452.556450927 0.000000000 
99.043552654 22828.863561946 0.000000000 
114.867078818 26474.985194262 0.000000000 
131.862718031 30390.854413817 0.000000000 
150.030470293 34576.399328475 0.000000000 
169.370335604 39031.543088022 0.000000000 
189.882313964 43756.203884165 0.000000000 
211.566405374 48750.294950532 0.000000000 
234.422609832 54013.724562673 0.000000000 
71
0.000000000 0.000000000 0.000000000 
1.168499816 -0.000237055 0.000000000 
4.673999263 -0.003792874 0.000000000 
10.516498342 -0.019201427 0.000000000 
18.695997053 -0.060685991 0.000000000 
29.212495395 -0.148159157 0.000000000 
42.065993369 -0.307222828 0.000000000 
57.256490974 -0.569168218 0.000000000 
74.783988211 -0.970975853 0.000000000 
94.648485080 -1.555315569 0.000000000 
116.849981580 -2.370546516 0.000000000 
141.388477712 -3.470717154 0.000000000 
168.263973476 -4.915565255 0.000000000 
197.476468871 -6.770517904 0.000000000 
229.025963897 -9.106691495 0.000000000 
262.912458556 -12.000891736 0.000000000 
299.135952846 -15.535613646 0.000000000 
337.696446767 -19.799041555 0.000000000 
378.593940320 -24.885049104 0.000000000 
421.828433505 -30.893199249 0.000000000 
467.399926321 -37.928744253 0.000000000 
72
0.000000000 0.000000000 0.000000000 
1.168499816 71.034945256 0.000000000 
4.673999263 284.136936369 0.000000000 
10.516498342 639.297439372 0.000000000 
18.695997053 1136.502230984 0.000000000 
29.212495395 1775.731398616 0.000000000 
42.065993369 2556.959340365 0.000000000 
57.256490974 3480.154765017 0.000000000 
74.783988211 4545.280692047 0.000000000 
94.648485080 5752.294451617 0.000000000 
116.849981580 7101.147684578 0.000000000 
141.388477712 8591.786342469 0.000000000 
168.263973476 10224.150687519 0.000000000 
197.476468871 11998.175292644 0.000000000 
229.025963897 13913.789041448 0.000000000 
262.912458556 15970.915128224 0.000000000 
299.135952846 18169.471057953 0.000000000 
337.696446767 20509.368646305 0.000000000 
378.593940320 22990.514019639 0.000000000 
421.828433505 25612.807614999 0.000000000 
467.399926321 28376.144180121 0.000000000 
73
0.000000000 0.000000000 0.000000000 
1.168499816 140.321005626 0.000000000 
4.673999263 561.281177850 0.000000000 
10.516498342 1262.871982703 0.000000000 
18.695997053 2245.079196907 0.000000000 
29.212495395 3507.882907871 0.000000000 
42.065993369 5051.257513692 0.000000000 
57.256490974 6875.171723156 0.000000000 
74.783988211 8979.588555739 0.000000000 
94.648485080 11364.465341602 0.000000000 
116.849981580 14029.753721596 0.000000000 
141.388477712 16975.399647262 0.000000000 
168.263973476 20201.343380826 0.000000000 
197.476468871 23707.519495206 0.000000000 
229.025963897 27493.856874004 0.000000000 
262.912458556 31560.278711516 0.000000000 
299.135952846 35906.702512721 0.000000000 
337.696446767 40533.040093289 0.000000000 
378.593940320 45439.197579579 0.000000000 
421.828433505 50625.075408636 0.000000000 
467.399926321 56090.568328195 0.000000000 
74
0.000000000 0.000000000 0.000000000 
1.168499816 206.151891302 0.000000000 
4.673999263 824.604720554 0.000000000 
10.516498342 1855.349953786 0.000000000 
18.695997053 3298.373367721 0.000000000 
29.212495395 5153.655049768 0.000000000 
42.065993369 7421.169398023 0.000000000 
57.256490974 10100.885121274 0.000000000 
74.783988211 13192.765238995 0.000000000 
94.648485080 16696.767081347 0.000000000 
116.849981580 20612.842289183 0.000000000 
141.388477712 24940.936814042 0.000000000 
168.263973476 29680.990918152 0.000000000 
197.476468871 34832.939174428 0.000000000 
229.025963897 40396.710466475 0.000000000 
262.912458556 46372.227988587 0.000000000 
299.135952846 52759.409245744 0.000000000 
337.696446767 59558.166053616 0.000000000 
378.593940320 66768.404538561 0.000000000 
421.828433505 74390.025137626 0.000000000 
467.399926321 82422.922598544 0.000000000 
75
0.000000000 0.000000000 0.000000000 
1.168499816 266.906627398 0.000000000 
4.673999263 1067.623664938 0.000000000 
10.516498342 2402.142578650 0.000000000 
18.695997053 4270.449145258 0.000000000 
29.212495395 6672.523452168 0.000000000 
42.065993369 9608.339897481 0.000000000 
57.256490974 13077.867189980 0.000000000 
74.783988211 17081.068349141 0.000000000 
94.648485080 21617.900705126 0.000000000 
116.849981580 26688.315898787 0.000000000 
141.388477712 32292.259881662 0.000000000 
168.263973476 38429.672915981 0.000000000 
197.476468871 45100.489574658 0.000000000 
229.025963897 52304.638741298 0.000000000 
262.912458556 60042.043610195 0.000000000 
299.135952846 68312.621686329 0.000000000 
337.696446767 77116.284785370 0.000000000 
378.593940320 86452.939033676 0.000000000 
421.828433505 96322.484868294 0.000000000 
467.399926321 106724.817036958 0.000000000 
96
0.000000000 0.000000000 0.000000000 
1.743738917 -0.000287000 0.000000000 
6.974955668 -0.004592007 0.000000000 
15.693650254 -0.023247038 0.000000000 
27.899822674 -0.073472120 0.000000000 
43.593472927 -0.179375292 0.000000000 
62.774601015 -0.371952606 0.000000000 
85.443206938 -0.689088122 0.000000000 
111.599290694 -1.175553915 0.000000000 
141.242852285 -1.883010067 0.000000000 
174.373891710 -2.870004674 0.000000000 
210.992408969 -4.201973844 0.000000000 
251.098404062 -5.951241693 0.000000000 
294.691876989 -8.197020350 0.000000000 
341.772827751 -11.025409957 0.000000000 
392.341256347 -14.529398664 0.000000000 
446.397162777 -18.808862633 0.000000000 
503.940547041 -23.970566040 0.000000000 
564.971409139 -30.128161069 0.000000000 
629.489749072 -37.402187916 0.000000000 
697.495566838 -45.920074789 0.000000000 
97
0.000000000 0.000000000 0.000000000 
1.743738917 104.360633284 0.000000000 
6.974955668 417.439089129 0.000000000 
15.693650254 939.225035520 0.000000000 
27.899822674 1669.701252428 0.000000000 
43.593472927 2608.843631813 0.000000000 
62.774601015 3756.621177626 0.000000000 
85.443206938 5112.996005804 0.000000000 
111.599290694 6677.923344275 0.000000000 
141.242852285 8451.351532954 0.000000000 
174.373891710 10433.222023747 0.000000000 
210.992408969 12623.469380546 0.000000000 
251.098404062 15022.021279234 0.000000000 
294.691876989 17628.798507682 0.000000000 
341.772827751 20443.714965749 0.000000000 
392.341256347 23466.677665284 0.000000000 
446.397162777 26697.586730125 0.000000000 
503.940547041 30136.335396097 0.000000000 
564.971409139 33782.810011016 0.000000000 
629.489749072 37636.890034685 0.000000000 
697.495566838 41698.448038897 0.000000000 
98
0.000000000 0.000000000 0.000000000 
1.743738917 206.151841357 0.000000000 
6.974955668 824.603921420 0.000000000 
15.693650254 1855.345908175 0.000000000 
27.899822674 3298.360581592 0.000000000 
43.593472927 5153.623833633 0.000000000 
62.774601015 7421.104668246 0.000000000 
85.443206938 10100.765201370 0.000000000 
111.599290694 13192.560660933 0.000000000 
141.242852285 16696.439386850 0.000000000 
174.373891710 20612.342831025 0.000000000 
210.992408969 24940.205557352 0.000000000 
251.098404062 29679.955241714 0.000000000 
294.691876989 34831.512671981 0.000000000 
341.772827751 40394.791748014 0.000000000 
392.341256347 46369.699481660 0.000000000 
446.397162777 52756.135996756 0.000000000 
503.940547041 59553.994529131 0.000000000 
564.971409139 66763.161426597 0.000000000 
629.489749072 74383.516148958 0.000000000 
697.495566838 82414.931268008 0.000000000 
99
0.000000000 0.000000000 0.000000000 
1.743738917 302.866899849 0.000000000 
6.974955668 1211.464155392 0.000000000 
15.693650254 2725.781434612 0.000000000 
27.899822674 4845.801517479 0.000000000 
43.593472927 7571.500295956 0.000000000 
62.774601015 10902.846773992 0.000000000 
85.443206938 14839.803067524 0.000000000 
111.599290694 19382.324404481 0.000000000 
141.242852285 24530.359124778 0.000000000 
174.373891710 30283.848680319 0.000000000 
210.992408969 36642.727634998 0.000000000 
251.098404062 43606.923664698 0.000000000 
294.691876989 51176.357557289 0.000000000 
341.772827751 59350.943212630 0.000000000 
392.341256347 68130.587642571 0.000000000 
446.397162777 77515.190970949 0.000000000 
503.940547041 87504.646433591 0.000000000 
564.971409139 98098.840378310 0.000000000 
629.489749072 109297.652264910 0.000000000 
697.495566838 121100.954665185 0.000000000 
100
0.000000000 0.000000000 0.000000000 
1.743738917 392.124363044 0.000000000 
6.974955668 1568.494008169 0.000000000 
15.693650254 3529.098603359 0.000000000 
27.899822674 6273.920928585 0.000000000 
43.593472927 9802.936875809 0.000000000 
62.774601015 14116.115448981 0.000000000 
85.443206938 19213.418764037 0.000000000 
111.599290694 25094.802048906 0.000000000 
141.242852285 31760.213643502 0.000000000 
174.373891710 39209.594999732 0.000000000 
210.992408969 47442.880681488 0.000000000 
251.098404062 56459.998364653 0.000000000 
294.691876989 66260.868837097 0.000000000 
341.772827751 76845.405998680 0.000000000 
392.341256347 88213.516861251 0.000000000 
446.397162777 100365.101548647 0.000000000 
503.940547041 113300.053296694 0.000000000 
564.971409139 127018.258453208 0.000000000 
629.489749072 141519.596477991 0.000000000 
697.495566838 156803.939942837 0.000000000 
121
0.000000000 0.000000000 0.000000000 
2.308227288 -0.000355194 0.000000000 
9.232909152 -0.005683107 0.000000000 
20.774045593 -0.028770731 0.000000000 
36.931636610 -0.090929719 0.000000000 
57.705682203 -0.221996384 0.000000000 
83.096182372 -0.460331702 0.000000000 
113.103137118 -0.852821308 0.000000000 
147.726546439 -1.454875502 0.000000000 
186.966410337 -2.330429240 0.000000000 
230.822728811 -3.551942142 0.000000000 
279.295501862 -5.200398491 0.000000000 
332.384729488 -7.365307226 0.000000000 
390.090411691 -10.144701953 0.000000000 
452.412548470 -13.645140934 0.000000000 
519.351139825 -17.981707096 0.000000000 
590.906185757 -23.278008024 0.000000000 
667.077686265 -29.666175967 0.000000000 
747.865641349 -37.286867834 0.000000000 
833.270051009 -46.289265194 0.000000000 
923.290915245 -56.831074278 0.000000000 
122
0.000000000 0.000000000 0.000000000 
2.308227288 135.116590852 0.000000000 
9.232909152 540.462101077 0.000000000 
20.774045593 1216.023743683 0.000000000 
36.931636610 2161.780207018 0.000000000 
57.705682203 3377.701654768 0.000000000 
83.096182372 4863.749725956 0.000000000 
113.103137118 6619.877534948 0.000000000 
147.726546439 8646.029671446 0.000000000 
186.966410337 10942.142200491 0.000000000 
230.822728811 13508.142662463 0.000000000 
279.295501862 16343.950073082 0.000000000 
332.384729488 19449.474923406 0.000000000 
390.090411691 22824.619179831 0.000000000 
452.412548470 26469.276284093 0.000000000 
519.351139825 30383.331153267 0.000000000 
590.906185757 34566.660179766 0.000000000 
667.077686265 39019.131231343 0.000000000 
747.865641349 43740.603651089 0.000000000 
833.270051009 48730.928257433 0.000000000 
923.290915245 53989.947344145 0.000000000 
123
0.000000000 0.000000000 0.000000000 
2.308227288 266.906509259 0.000000000 
9.232909152 1067.621774705 0.000000000 
20.774045593 2402.133009346 0.000000000 
36.931636610 4270.418901530 0.000000000 
57.705682203 6672.449614942 0.000000000 
83.096182372 9608.186788607 0.000000000 
113.103137118 13077.583536890 0.000000000 
147.726546439 17080.584449492 0.000000000 
186.966410337 21617.125591456 0.000000000 
230.822728811 26687.134503160 0.000000000 
279.295501862 32290.530200326 0.000000000 
332.384729488 38427.223174009 0.000000000 
390.090411691 45097.115390609 0.000000000 
452.412548470 52300.100291859 0.000000000 
519.351139825 60036.062794835 0.000000000 
590.906185757 68304.879291950 0.000000000 
667.077686265 77106.417650957 0.000000000 
747.865641349 86440.537214947 0.000000000 
833.270051009 96307.088802349 0.000000000 
923.290915245 106705.914706932 0.000000000 
124
0.000000000 0.000000000 0.000000000 
2.308227288 392.124294850 0.000000000 
9.232909152 1568.492917069 0.000000000 
20.774045593 3529.093079665 0.000000000 
36.931636610 6273.903470986 0.000000000 
57.705682203 9802.894254718 0.000000000 
83.096182372 14116.027069885 0.000000000 
113.103137118 19213.255030851 0.000000000 
147.726546439 25094.522727319 0.000000000 
186.966410337 31759.766224330 0.000000000 
230.822728811 39208.913062264 0.000000000 
279.295501862 47441.882256841 0.000000000 
332.384729488 56458.584299119 0.000000000 
390.090411691 66258.921155494 0.000000000 
452.412548470 76842.786267702 0.000000000 
519.351139825 88210.064552819 0.000000000 
590.906185757 100360.632403256 0.000000000 
667.077686265 113294.357686767 0.000000000 
747.865641349 127011.099746443 0.000000000 
833.270051009 141510.709400713 0.000000000 
923.290915245 156793.028943347 0.000000000 
125
0.000000000 0.000000000 0.000000000 
2.308227288 507.686670170 0.000000000 
9.232909152 2030.742418348 0.000000000 
20.774045593 4569.154457544 0.000000000 
36.931636610 8122.901476104 0.000000000 
57.705682203 12691.953637714 0.000000000 
83.096182372 18276.272581399 0.000000000 
113.103137118 24875.811421523 0.000000000 
147.726546439 32490.514747789 0.000000000 
186.966410337 41120.318625238 0.000000000 
230.822728811 50765.150594249 0.000000000 
279.295501862 61424.929670543 0.000000000 
332.384729488 73099.566345177 0.000000000 
390.090411691 85788.962584549 0.000000000 
452.412548470 99493.011830393 0.000000000 
519.351139825 114211.598999785 0.000000000 
590.906185757 129944.600485138 0.000000000 
667.077686265 146691.884154204 0.000000000 
747.865641349 164453.309350075 0.000000000 
833.270051009 183228.726891180 0.000000000 
923.290915245 203017.979071288 0.000000000 
