3   21   25
0.000000
0.000050
0.000100
0.000150
0.000200
0.000250
0.000300
0.000350
0.000400
0.000450
0.000500
0.000550
0.000600
0.000650
0.000700
0.000750
0.000800
0.000850
0.000900
0.000950
0.001000
101
0.000000000 0.000000000 0.000000000 
0.000000000 0.000000000 -0.000196347 
0.000000000 0.000000000 -0.003141545 
0.000000000 0.000000000 -0.015904069 
0.000000000 0.000000000 -0.050264712 
0.000000000 0.000000000 -0.122716583 
0.000000000 0.000000000 -0.254465106 
0.000000000 0.000000000 -0.471428025 
0.000000000 0.000000000 -0.804235397 
0.000000000 0.000000000 -1.288229600 
0.000000000 0.000000000 -1.963465326 
0.000000000 0.000000000 -2.874709584 
0.000000000 0.000000000 -4.071441700 
0.000000000 0.000000000 -5.607853317 
0.000000000 0.000000000 -7.542848396 
0.000000000 0.000000000 -9.940043212 
0.000000000 0.000000000 -12.867766360 
0.000000000 0.000000000 -16.399058748 
0.000000000 0.000000000 -20.611673605 
0.000000000 0.000000000 -25.588076473 
0.000000000 0.000000000 -31.415445214 
102
0.000000000 0.000000000 0.000000000 
0.000000000 0.000000000 -0.000196347 
0.000000000 0.000000000 -0.003141545 
0.000000000 0.000000000 -0.015904069 
0.000000000 0.000000000 -0.050264712 
0.000000000 0.000000000 -0.122716583 
0.000000000 0.000000000 -0.254465106 
0.000000000 0.000000000 -0.471428025 
0.000000000 0.000000000 -0.804235397 
0.000000000 0.000000000 -1.288229600 
0.000000000 0.000000000 -1.963465326 
0.000000000 0.000000000 -2.874709584 
0.000000000 0.000000000 -4.071441700 
0.000000000 0.000000000 -5.607853317 
0.000000000 0.000000000 -7.542848396 
0.000000000 0.000000000 -9.940043212 
0.000000000 0.000000000 -12.867766360 
0.000000000 0.000000000 -16.399058748 
0.000000000 0.000000000 -20.611673605 
0.000000000 0.000000000 -25.588076473 
0.000000000 0.000000000 -31.415445214 
103
0.000000000 0.000000000 0.000000000 
0.000000000 0.000000000 -0.000196347 
0.000000000 0.000000000 -0.003141545 
0.000000000 0.000000000 -0.015904069 
0.000000000 0.000000000 -0.050264712 
0.000000000 0.000000000 -0.122716583 
0.000000000 0.000000000 -0.254465106 
0.000000000 0.000000000 -0.471428025 
0.000000000 0.000000000 -0.804235397 
0.000000000 0.000000000 -1.288229600 
0.000000000 0.000000000 -1.963465326 
0.000000000 0.000000000 -2.874709584 
0.000000000 0.000000000 -4.071441700 
0.000000000 0.000000000 -5.607853317 
0.000000000 0.000000000 -7.542848396 
0.000000000 0.000000000 -9.940043212 
0.000000000 0.000000000 -12.867766360 
0.000000000 0.000000000 -16.399058748 
0.000000000 0.000000000 -20.611673605 
0.000000000 0.000000000 -25.588076473 
0.000000000 0.000000000 -31.415445214 
104
0.000000000 0.000000000 0.000000000 
0.000000000 0.000000000 -0.000196347 
0.000000000 0.000000000 -0.003141545 
0.000000000 0.000000000 -0.015904069 
0.000000000 0.000000000 -0.050264712 
0.000000000 0.000000000 -0.122716583 
0.000000000 0.000000000 -0.254465106 
0.000000000 0.000000000 -0.471428025 
0.000000000 0.000000000 -0.804235397 
0.000000000 0.000000000 -1.288229600 
0.000000000 0.000000000 -1.963465326 
0.000000000 0.000000000 -2.874709584 
0.000000000 0.000000000 -4.071441700 
0.000000000 0.000000000 -5.607853317 
0.000000000 0.000000000 -7.542848396 
0.000000000 0.000000000 -9.940043212 
0.000000000 0.000000000 -12.867766360 
0.000000000 0.000000000 -16.399058748 
0.000000000 0.000000000 -20.611673605 
0.000000000 0.000000000 -25.588076473 
0.000000000 0.000000000 -31.415445214 
105
0.000000000 0.000000000 0.000000000 
0.000000000 0.000000000 -0.000196347 
0.000000000 0.000000000 -0.003141545 
0.000000000 0.000000000 -0.015904069 
0.000000000 0.000000000 -0.050264712 
0.000000000 0.000000000 -0.122716583 
0.000000000 0.000000000 -0.254465106 
0.000000000 0.000000000 -0.471428025 
0.000000000 0.000000000 -0.804235397 
0.000000000 0.000000000 -1.288229600 
0.000000000 0.000000000 -1.963465326 
0.000000000 0.000000000 -2.874709584 
0.000000000 0.000000000 -4.071441700 
0.000000000 0.000000000 -5.607853317 
0.000000000 0.000000000 -7.542848396 
0.000000000 0.000000000 -9.940043212 
0.000000000 0.000000000 -12.867766360 
0.000000000 0.000000000 -16.399058748 
0.000000000 0.000000000 -20.611673605 
0.000000000 0.000000000 -25.588076473 
0.000000000 0.000000000 -31.415445214 
106
0.000000000 0.000000000 0.000000000 
0.586056525 0.000000000 -0.000206587 
2.344226098 0.000000000 -0.003305386 
5.274508721 0.000000000 -0.016733514 
9.376904393 0.000000000 -0.052886169 
14.651413115 0.000000000 -0.129116624 
21.098034885 0.000000000 -0.267736232 
28.716769704 0.000000000 -0.496014423 
37.507617573 0.000000000 -0.846178707 
47.470578491 0.000000000 -1.355414672 
58.605652458 0.000000000 -2.065865984 
70.912839474 0.000000000 -3.024634388 
84.392139540 0.000000000 -4.283779705 
99.043552654 0.000000000 -5.900319838 
114.867078818 0.000000000 -7.936230766 
131.862718031 0.000000000 -10.458446546 
150.030470293 0.000000000 -13.538859315 
169.370335604 0.000000000 -17.254319288 
189.882313964 0.000000000 -21.686634758 
211.566405374 0.000000000 -26.922572095 
234.422609832 0.000000000 -33.053855750 
107
0.000000000 0.000000000 0.000000000 
0.586056525 0.000000000 35.960115810 
2.344226098 0.000000000 143.837984202 
5.274508721 0.000000000 323.626168058 
9.376904393 0.000000000 575.312272181 
14.651413115 0.000000000 898.878943299 
21.098034885 0.000000000 1294.303870057 
28.716769704 0.000000000 1761.559783026 
37.507617573 0.000000000 2300.614454695 
47.470578491 0.000000000 2911.430699477 
58.605652458 0.000000000 3593.966373706 
70.912839474 0.000000000 4348.174375638 
84.392139540 0.000000000 5174.002645449 
99.043552654 0.000000000 6071.394165239 
114.867078818 0.000000000 7040.286959028 
131.862718031 0.000000000 8080.614092758 
150.030470293 0.000000000 9192.303674293 
169.370335604 0.000000000 10375.278853418 
189.882313964 0.000000000 11629.457821840 
211.566405374 0.000000000 12954.753813188 
234.422609832 0.000000000 14351.075103013 
108
0.000000000 0.000000000 0.000000000 
0.586056525 0.000000000 71.034975724 
2.344226098 0.000000000 284.137423858 
5.274508721 0.000000000 639.299907284 
9.376904393 0.000000000 1136.510030806 
14.651413115 0.000000000 1775.750441149 
21.098034885 0.000000000 2556.998826962 
28.716769704 0.000000000 3480.227918813 
37.507617573 0.000000000 4545.405489193 
47.470578491 0.000000000 5752.494352513 
58.605652458 0.000000000 7101.452365109 
70.912839474 0.000000000 8592.232425235 
84.392139540 0.000000000 10224.782473069 
99.043552654 0.000000000 11999.045490710 
114.867078818 0.000000000 13914.959502178 
131.862718031 0.000000000 15972.457573414 
150.030470293 0.000000000 18171.467812284 
169.370335604 0.000000000 20511.913368572 
189.882313964 0.000000000 22993.712433985 
211.566405374 0.000000000 25616.778242152 
234.422609832 0.000000000 28381.019068624 
109
0.000000000 0.000000000 0.000000000 
0.586056525 0.000000000 104.360713698 
2.344226098 0.000000000 417.440375751 
5.274508721 0.000000000 939.231549043 
9.376904393 0.000000000 1669.721838378 
14.651413115 0.000000000 2608.893890481 
21.098034885 0.000000000 3756.725394000 
28.716769704 0.000000000 5113.189079504 
37.507617573 0.000000000 6678.252719482 
47.470578491 0.000000000 8451.879128349 
58.605652458 0.000000000 10434.026162437 
70.912839474 0.000000000 12624.646720002 
84.392139540 0.000000000 15023.688741222 
99.043552654 0.000000000 17631.095208194 
114.867078818 0.000000000 20446.804144940 
131.862718031 0.000000000 23470.748617402 
150.030470293 0.000000000 26702.856733443 
169.370335604 0.000000000 30143.051642849 
189.882313964 0.000000000 33791.251537327 
211.566405374 0.000000000 37647.369650506 
234.422609832 0.000000000 41711.314257935 
110
0.000000000 0.000000000 0.000000000 
0.586056525 0.000000000 135.116739459 
2.344226098 0.000000000 540.464478799 
5.274508721 0.000000000 1216.035780900 
9.376904393 0.000000000 2161.818250568 
14.651413115 0.000000000 3377.794534527 
21.098034885 0.000000000 4863.942321426 
28.716769704 0.000000000 6620.234341834 
37.507617573 0.000000000 8646.638368240 
47.470578491 0.000000000 10943.117215058 
58.605652458 0.000000000 13509.628738621 
70.912839474 0.000000000 16346.125837185 
84.392139540 0.000000000 19452.556450927 
99.043552654 0.000000000 22828.863561946 
114.867078818 0.000000000 26474.985194262 
131.862718031 0.000000000 30390.854413817 
150.030470293 0.000000000 34576.399328475 
169.370335604 0.000000000 39031.543088022 
189.882313964 0.000000000 43756.203884165 
211.566405374 0.000000000 48750.294950532 
234.422609832 0.000000000 54013.724562673 
111
0.000000000 0.000000000 0.000000000 
1.168499816 0.000000000 -0.000237055 
4.673999263 0.000000000 -0.003792874 
10.516498342 0.000000000 -0.019201427 
18.695997053 0.000000000 -0.060685991 
29.212495395 0.000000000 -0.148159157 
42.065993369 0.000000000 -0.307222828 
57.256490974 0.000000000 -0.569168218 
74.783988211 0.000000000 -0.970975853 
94.648485080 0.000000000 -1.555315569 
116.849981580 0.000000000 -2.370546516 
141.388477712 0.000000000 -3.470717154 
168.263973476 0.000000000 -4.915565255 
197.476468871 0.000000000 -6.770517904 
229.025963897 0.000000000 -9.106691495 
262.912458556 0.000000000 -12.000891736 
299.135952846 0.000000000 -15.535613646 
337.696446767 0.000000000 -19.799041555 
378.593940320 0.000000000 -24.885049104 
421.828433505 0.000000000 -30.893199249 
467.399926321 0.000000000 -37.928744253 
112
0.000000000 0.000000000 0.000000000 
1.168499816 0.000000000 71.034945256 
4.673999263 0.000000000 284.136936369 
10.516498342 0.000000000 639.297439372 
18.695997053 0.000000000 1136.502230984 
29.212495395 0.000000000 1775.731398616 
42.065993369 0.000000000 2556.959340365 
57.256490974 0.000000000 3480.154765017 
74.783988211 0.000000000 4545.280692047 
94.648485080 0.000000000 5752.294451617 
116.849981580 0.000000000 7101.147684578 
141.388477712 0.000000000 8591.786342469 
168.263973476 0.000000000 10224.150687519 
197.476468871 0.000000000 11998.175292644 
229.025963897 0.000000000 13913.789041448 
262.912458556 0.000000000 15970.915128224 
299.135952846 0.000000000 18169.471057953 
337.696446767 0.000000000 20509.368646305 
378.593940320 0.000000000 22990.514019639 
421.828433505 0.000000000 25612.807614999 
467.399926321 0.000000000 28376.144180121 
113
0.000000000 0.000000000 0.000000000 
1.168499816 0.000000000 140.321005626 
4.673999263 0.000000000 561.281177850 
10.516498342 0.000000000 1262.871982703 
18.695997053 0.000000000 2245.079196907 
29.212495395 0.000000000 3507.882907871 
42.065993369 0.000000000 5051.257513692 
57.256490974 0.000000000 6875.171723156 
74.783988211 0.000000000 8979.588555739 
94.648485080 0.000000000 11364.465341602 
116.849981580 0.000000000 14029.753721596 
141.388477712 0.000000000 16975.399647262 
168.263973476 0.000000000 20201.343380826 
197.476468871 0.000000000 23707.519495206 
229.025963897 0.000000000 27493.856874004 
262.912458556 0.000000000 31560.278711516 
299.135952846 0.000000000 35906.702512721 
337.696446767 0.000000000 40533.040093289 
378.593940320 0.000000000 45439.197579579 
421.828433505 0.000000000 50625.075408636 
467.399926321 0.000000000 56090.568328195 
114
0.000000000 0.000000000 0.000000000 
1.168499816 0.000000000 206.151891302 
4.673999263 0.000000000 824.604720554 
10.516498342 0.000000000 1855.349953786 
18.695997053 0.000000000 3298.373367721 
29.212495395 0.000000000 5153.655049768 
42.065993369 0.000000000 7421.169398023 
57.256490974 0.000000000 10100.885121274 
74.783988211 0.000000000 13192.765238995 
94.648485080 0.000000000 16696.767081347 
116.849981580 0.000000000 20612.842289183 
141.388477712 0.000000000 24940.936814042 
168.263973476 0.000000000 29680.990918152 
197.476468871 0.000000000 34832.939174428 
229.025963897 0.000000000 40396.710466475 
262.912458556 0.000000000 46372.227988587 
299.135952846 0.000000000 52759.409245744 
337.696446767 0.000000000 59558.166053616 
378.593940320 0.000000000 66768.404538561 
421.828433505 0.000000000 74390.025137626 
467.399926321 0.000000000 82422.922598544 
115
0.000000000 0.000000000 0.000000000 
1.168499816 0.000000000 266.906627398 
4.673999263 0.000000000 1067.623664938 
10.516498342 0.000000000 2402.142578650 
18.695997053 0.000000000 4270.449145258 
29.212495395 0.000000000 6672.523452168 
42.065993369 0.000000000 9608.339897481 
57.256490974 0.000000000 13077.867189980 
74.783988211 0.000000000 17081.068349141 
94.648485080 0.000000000 21617.900705126 
116.849981580 0.000000000 26688.315898787 
141.388477712 0.000000000 32292.259881662 
168.263973476 0.000000000 38429.672915981 
197.476468871 0.000000000 45100.489574658 
229.025963897 0.000000000 52304.638741298 
262.912458556 0.000000000 60042.043610195 
299.135952846 0.000000000 68312.621686329 
337.696446767 0.000000000 77116.284785370 
378.593940320 0.000000000 86452.939033676 
421.828433505 0.000000000 96322.484868294 
467.399926321 0.000000000 106724.817036958 
116
0.000000000 0.000000000 0.000000000 
1.743738917 0.000000000 -0.000287000 
6.974955668 0.000000000 -0.004592007 
15.693650254 0.000000000 -0.023247038 
27.899822674 0.000000000 -0.073472120 
43.593472927 0.000000000 -0.179375292 
62.774601015 0.000000000 -0.371952606 
85.443206938 0.000000000 -0.689088122 
111.599290694 0.000000000 -1.175553915 
141.242852285 0.000000000 -1.883010067 
174.373891710 0.000000000 -2.870004674 
210.992408969 0.000000000 -4.201973844 
251.098404062 0.000000000 -5.951241693 
294.691876989 0.000000000 -8.197020350 
341.772827751 0.000000000 -11.025409957 
392.341256347 0.000000000 -14.529398664 
446.397162777 0.000000000 -18.808862633 
503.940547041 0.000000000 -23.970566040 
564.971409139 0.000000000 -30.128161069 
629.489749072 0.000000000 -37.402187916 
697.495566838 0.000000000 -45.920074789 
117
0.000000000 0.000000000 0.000000000 
1.743738917 0.000000000 104.360633284 
6.974955668 0.000000000 417.439089129 
15.693650254 0.000000000 939.225035520 
27.899822674 0.000000000 1669.701252428 
43.593472927 0.000000000 2608.843631813 
62.774601015 0.000000000 3756.621177626 
85.443206938 0.000000000 5112.996005804 
111.599290694 0.000000000 6677.923344275 
141.242852285 0.000000000 8451.351532954 
174.373891710 0.000000000 10433.222023747 
210.992408969 0.000000000 12623.469380546 
251.098404062 0.000000000 15022.021279234 
294.691876989 0.000000000 17628.798507682 
341.772827751 0.000000000 20443.714965749 
392.341256347 0.000000000 23466.677665284 
446.397162777 0.000000000 26697.586730125 
503.940547041 0.000000000 30136.335396097 
564.971409139 0.000000000 33782.810011016 
629.489749072 0.000000000 37636.890034685 
697.495566838 0.000000000 41698.448038897 
118
0.000000000 0.000000000 0.000000000 
1.743738917 0.000000000 206.151841357 
6.974955668 0.000000000 824.603921420 
15.693650254 0.000000000 1855.345908175 
27.899822674 0.000000000 3298.360581592 
43.593472927 0.000000000 5153.623833633 
62.774601015 0.000000000 7421.104668246 
85.443206938 0.000000000 10100.765201370 
111.599290694 0.000000000 13192.560660933 
141.242852285 0.000000000 16696.439386850 
174.373891710 0.000000000 20612.342831025 
210.992408969 0.000000000 24940.205557352 
251.098404062 0.000000000 29679.955241714 
294.691876989 0.000000000 34831.512671981 
341.772827751 0.000000000 40394.791748014 
392.341256347 0.000000000 46369.699481660 
446.397162777 0.000000000 52756.135996756 
503.940547041 0.000000000 59553.994529131 
564.971409139 0.000000000 66763.161426597 
629.489749072 0.000000000 74383.516148958 
697.495566838 0.000000000 82414.931268008 
119
0.000000000 0.000000000 0.000000000 
1.743738917 0.000000000 302.866899849 
6.974955668 0.000000000 1211.464155392 
15.693650254 0.000000000 2725.781434612 
27.899822674 0.000000000 4845.801517479 
43.593472927 0.000000000 7571.500295956 
62.774601015 0.000000000 10902.846773992 
85.443206938 0.000000000 14839.803067524 
111.599290694 0.000000000 19382.324404481 
141.242852285 0.000000000 24530.359124778 
174.373891710 0.000000000 30283.848680319 
210.992408969 0.000000000 36642.727634998 
251.098404062 0.000000000 43606.923664698 
294.691876989 0.000000000 51176.357557288 
341.772827751 0.000000000 59350.943212630 
392.341256347 0.000000000 68130.587642571 
446.397162777 0.000000000 77515.190970949 
503.940547041 0.000000000 87504.646433591 
564.971409139 0.000000000 98098.840378310 
629.489749072 0.000000000 109297.652264910 
697.495566838 0.000000000 121100.954665185 
120
0.000000000 0.000000000 0.000000000 
1.743738917 0.000000000 392.124363044 
6.974955668 0.000000000 1568.494008169 
15.693650254 0.000000000 3529.098603359 
27.899822674 0.000000000 6273.920928585 
43.593472927 0.000000000 9802.936875809 
62.774601015 0.000000000 14116.115448981 
85.443206938 0.000000000 19213.418764037 
111.599290694 0.000000000 25094.802048906 
141.242852285 0.000000000 31760.213643502 
174.373891710 0.000000000 39209.594999732 
210.992408969 0.000000000 47442.880681488 
251.098404062 0.000000000 56459.998364653 
294.691876989 0.000000000 66260.868837097 
341.772827751 0.000000000 76845.405998680 
392.341256347 0.000000000 88213.516861251 
446.397162777 0.000000000 100365.101548647 
503.940547041 0.000000000 113300.053296694 
564.971409139 0.000000000 127018.258453208 
629.489749072 0.000000000 141519.596477991 
697.495566838 0.000000000 156803.939942837 
121
0.000000000 0.000000000 0.000000000 
2.308227288 0.000000000 -0.000355194 
9.232909152 0.000000000 -0.005683107 
20.774045593 0.000000000 -0.028770731 
36.931636610 0.000000000 -0.090929719 
57.705682203 0.000000000 -0.221996384 
83.096182372 0.000000000 -0.460331702 
113.103137118 0.000000000 -0.852821308 
147.726546439 0.000000000 -1.454875502 
186.966410337 0.000000000 -2.330429240 
230.822728811 0.000000000 -3.551942142 
279.295501862 0.000000000 -5.200398491 
332.384729488 0.000000000 -7.365307226 
390.090411691 0.000000000 -10.144701953 
452.412548470 0.000000000 -13.645140934 
519.351139825 0.000000000 -17.981707096 
590.906185757 0.000000000 -23.278008024 
667.077686265 0.000000000 -29.666175967 
747.865641349 0.000000000 -37.286867834 
833.270051009 0.000000000 -46.289265194 
923.290915245 0.000000000 -56.831074278 
122
0.000000000 0.000000000 0.000000000 
2.308227288 0.000000000 135.116590852 
9.232909152 0.000000000 540.462101077 
20.774045593 0.000000000 1216.023743683 
36.931636610 0.000000000 2161.780207018 
57.705682203 0.000000000 3377.701654768 
83.096182372 0.000000000 4863.749725956 
113.103137118 0.000000000 6619.877534948 
147.726546439 0.000000000 8646.029671446 
186.966410337 0.000000000 10942.142200491 
230.822728811 0.000000000 13508.142662463 
279.295501862 0.000000000 16343.950073082 
332.384729488 0.000000000 19449.474923406 
390.090411691 0.000000000 22824.619179831 
452.412548470 0.000000000 26469.276284093 
519.351139825 0.000000000 30383.331153267 
590.906185757 0.000000000 34566.660179766 
667.077686265 0.000000000 39019.131231343 
747.865641349 0.000000000 43740.603651089 
833.270051009 0.000000000 48730.928257433 
923.290915245 0.000000000 53989.947344145 
123
0.000000000 0.000000000 0.000000000 
2.308227288 0.000000000 266.906509259 
9.232909152 0.000000000 1067.621774705 
20.774045593 0.000000000 2402.133009346 
36.931636610 0.000000000 4270.418901530 
57.705682203 0.000000000 6672.449614942 
83.096182372 0.000000000 9608.186788607 
113.103137118 0.000000000 13077.583536890 
147.726546439 0.000000000 17080.584449492 
186.966410337 0.000000000 21617.125591456 
230.822728811 0.000000000 26687.134503160 
279.295501862 0.000000000 32290.530200326 
332.384729488 0.000000000 38427.223174009 
390.090411691 0.000000000 45097.115390609 
452.412548470 0.000000000 52300.100291859 
519.351139825 0.000000000 60036.062794835 
590.906185757 0.000000000 68304.879291950 
667.077686265 0.000000000 77106.417650957 
747.865641349 0.000000000 86440.537214947 
833.270051009 0.000000000 96307.088802349 
923.290915245 0.000000000 106705.914706932 
124
0.000000000 0.000000000 0.000000000 
2.308227288 0.000000000 392.124294850 
9.232909152 0.000000000 1568.492917069 
20.774045593 0.000000000 3529.093079665 
36.931636610 0.000000000 6273.903470986 
57.705682203 0.000000000 9802.894254718 
83.096182372 0.000000000 14116.027069885 
113.103137118 0.000000000 19213.255030851 
147.726546439 0.000000000 25094.522727319 
186.966410337 0.000000000 31759.766224330 
230.822728811 0.000000000 39208.913062264 
279.295501862 0.000000000 47441.882256841 
332.384729488 0.000000000 56458.584299119 
390.090411691 0.000000000 66258.921155494 
452.412548470 0.000000000 76842.786267702 
519.351139825 0.000000000 88210.064552819 
590.906185757 0.000000000 100360.632403256 
667.077686265 0.000000000 113294.357686767 
747.865641349 0.000000000 127011.099746443 
833.270051009 0.000000000 141510.709400713 
923.290915245 0.000000000 156793.028943347 
125
0.000000000 0.000000000 0.000000000 
2.308227288 0.000000000 507.686670170 
9.232909152 0.000000000 2030.742418348 
20.774045593 0.000000000 4569.154457544 
36.931636610 0.000000000 8122.901476104 
57.705682203 0.000000000 12691.953637714 
83.096182372 0.000000000 18276.272581399 
113.103137118 0.000000000 24875.811421523 
147.726546439 0.000000000 32490.514747789 
186.966410337 0.000000000 41120.318625238 
230.822728811 0.000000000 50765.150594249 
279.295501862 0.000000000 61424.929670543 
332.384729488 0.000000000 73099.566345177 
390.090411691 0.000000000 85788.962584549 
452.412548470 0.000000000 99493.011830393 
519.351139825 0.000000000 114211.598999785 
590.906185757 0.000000000 129944.600485138 
667.077686265 0.000000000 146691.884154204 
747.865641349 0.000000000 164453.309350075 
833.270051009 0.000000000 183228.726891180 
923.290915245 0.000000000 203017.979071288 
