lumen_inlet lumen_outlet lumen_wall 
1.249455E1 1.249056E1 3.765934E2 

-1.03691E5 1.720554E7 -1.90435E7 
-1.12643E5 4.659456E6 -4.73330E6 
-1.05049E5 4.013401E6 -4.26036E6 
-8.60799E4 4.770723E6 -4.99429E6 
-6.34676E4 4.455403E6 -4.69712E6 
-4.77240E4 4.525913E6 -4.75463E6 
-4.86879E4 4.433805E6 -4.64785E6 
-7.40153E4 4.483950E6 -4.68043E6 
-1.26954E5 4.495130E6 -4.62619E6 
-2.05947E5 4.578028E6 -4.56371E6 
-3.03511E5 4.512163E6 -4.41040E6 
-4.06530E5 4.425388E6 -4.20237E6 
-4.99853E5 4.391029E6 -3.99336E6 
-5.68149E5 4.446741E6 -3.78474E6 
-6.06612E5 4.488182E6 -3.76606E6 
-6.32956E5 4.488104E6 -4.03576E6 
-6.71942E5 4.489433E6 -3.94081E6 
-7.26019E5 4.455658E6 -3.61402E6 
-7.75020E5 4.380719E6 -3.76374E6 
-8.10284E5 4.370133E6 -3.61865E6 
-8.60818E5 4.454370E6 -3.59721E6 
-9.69940E5 4.491915E6 -3.57976E6 
-1.13827E6 4.408529E6 -3.29020E6 
-1.31557E6 4.287586E6 -3.06146E6 
-1.47221E6 4.157883E6 -2.71544E6 
-1.62951E6 3.962751E6 -2.39678E6 
-1.78422E6 3.711938E6 -1.96304E6 
-1.88903E6 3.507753E6 -1.73877E6 
-1.93995E6 3.468400E6 -1.83856E6 
-1.97991E6 3.668349E6 -2.14627E6 
-2.02053E6 4.081506E6 -2.35469E6 
-2.05692E6 4.488374E6 -2.49794E6 
-2.11868E6 4.522999E6 -2.52223E6 
-2.23901E6 4.099054E6 -1.99482E6 
-2.42077E6 3.671960E6 -1.36484E6 
-2.65809E6 3.705537E6 -1.31548E6 
-2.93757E6 4.112622E6 -1.39975E6 
-3.21133E6 4.393359E6 -1.29510E6 
-3.42019E6 4.247837E6 -8.85070E5 
-3.53120E6 3.963047E6 -3.56923E5 
-3.52665E6 3.958971E6 -2.88771E5 
-3.40354E6 4.191732E6 -5.80586E5 
-3.18701E6 4.277106E6 -9.49307E5 
-2.90470E6 4.106834E6 -1.13064E6 
-2.56979E6 4.005775E6 -1.35075E6 
-2.20045E6 4.146609E6 -1.88215E6 
-1.83616E6 4.272567E6 -2.44852E6 
-1.53921E6 4.170649E6 -2.62748E6 
-1.37904E6 4.030897E6 -2.56993E6 
-1.40776E6 4.057091E6 -2.61644E6 
-1.65052E6 4.107748E6 -2.44411E6 
-2.10133E6 3.987772E6 -1.86200E6 
-2.71058E6 3.775970E6 -1.12916E6 
-3.39694E6 3.627038E6 -3.21603E5 
-4.09783E6 3.540492E6 4.562368E5 
-4.79114E6 3.506553E6 1.079292E6 
-5.44640E6 3.605311E6 1.558792E6 
-5.98746E6 3.833727E6 1.872006E6 
-6.34739E6 4.030540E6 2.106319E6 
-6.54364E6 4.052093E6 2.263733E6 
-6.65175E6 3.904218E6 2.386370E6 
-6.71303E6 3.693408E6 2.576454E6 
-6.71791E6 3.566000E6 2.667363E6 
-6.67653E6 3.645492E6 2.528998E6 
-6.64907E6 3.918577E6 2.333293E6 
-6.68610E6 4.207899E6 2.282663E6 
-6.77728E6 4.323158E6 2.409493E6 
-6.88717E6 4.256516E6 2.735828E6 
-7.01585E6 4.185567E6 3.075356E6 
-7.19070E6 4.267517E6 3.213948E6 
-7.41404E6 4.464049E6 3.276848E6 
-7.65252E6 4.587364E6 3.398928E6 
-7.86622E6 4.529751E6 3.564876E6 
-8.01835E6 4.399729E6 3.688556E6 
-8.07694E6 4.365639E6 3.700489E6 
-8.04858E6 4.436567E6 3.699982E6 
-8.00419E6 4.469976E6 3.759240E6 
-8.03872E6 4.365687E6 3.898243E6 
-8.19963E6 4.194610E6 4.141722E6 
-8.45929E6 4.096050E6 4.372760E6 
-8.74378E6 4.100592E6 4.499258E6 
-8.98409E6 4.128883E6 4.607947E6 
-9.16054E6 4.140261E6 4.754806E6 
-9.30972E6 4.195139E6 4.841145E6 
-9.47405E6 4.340586E6 4.839196E6 
-9.64089E6 4.506999E6 4.797233E6 
-9.75049E6 4.575242E6 4.747046E6 
-9.76824E6 4.514674E6 4.776540E6 
-9.72795E6 4.399962E6 4.899218E6 
-9.69481E6 4.319872E6 5.015010E6 
-9.69948E6 4.333916E6 5.032032E6 
-9.71952E6 4.481156E6 4.943355E6 
-9.72007E6 4.746542E6 4.842098E6 
-9.70130E6 5.017765E6 4.800447E6 
-9.69947E6 5.149725E6 4.854196E6 
-9.74440E6 5.112957E6 5.024076E6 
-9.82774E6 5.030883E6 5.195556E6 
-9.91883E6 5.039450E6 5.227351E6 
-9.99827E6 5.151716E6 5.139020E6 
-1.00605E7 5.265874E6 5.022527E6 
-1.00924E7 5.274576E6 4.950118E6 
-1.00732E7 5.167559E6 4.986375E6 
-1.00052E7 5.036736E6 5.092192E6 
-9.92897E6 4.978302E6 5.137232E6 
-9.90092E6 4.995081E6 5.099841E6 
-9.95458E6 5.005787E6 5.083134E6 
-1.00827E7 4.950595E6 5.161334E6 
-1.02444E7 4.868057E6 5.268348E6 
-1.03843E7 4.848915E6 5.282275E6 
-1.04568E7 4.933248E6 5.194385E6 
-1.04504E7 5.075951E6 5.059792E6 
-1.03925E7 5.200730E6 4.910453E6 
-1.03231E7 5.267643E6 4.773505E6 
-1.02567E7 5.283688E6 4.652071E6 
-1.01745E7 5.265206E6 4.549822E6 
-1.00538E7 5.219889E6 4.505186E6 
-9.90027E6 5.173870E6 4.497724E6 
-9.74617E6 5.188179E6 4.426910E6 
-9.62047E6 5.316200E6 4.254311E6 
-9.52513E6 5.541803E6 4.045476E6 
-9.43994E6 5.774038E6 3.870751E6 
-9.34659E6 5.914420E6 3.759697E6 
-9.24574E6 5.932480E6 3.709287E6 
-9.15169E6 5.875228E6 3.683225E6 
-9.07204E6 5.814620E6 3.614467E6 
-8.99480E6 5.795718E6 3.457029E6 
-8.89712E6 5.817576E6 3.243364E6 
-8.76601E6 5.840036E6 3.041505E6 
-8.60872E6 5.812878E6 2.906268E6 
-8.44515E6 5.720299E6 2.860227E6 
-8.29578E6 5.602803E6 2.843528E6 
-8.17704E6 5.523350E6 2.768443E6 
-8.09991E6 5.507786E6 2.639774E6 
-8.06249E6 5.525890E6 2.517993E6 
-8.04153E6 5.533416E6 2.415153E6 
-7.99803E6 5.525269E6 2.296087E6 
-7.89903E6 5.537463E6 2.128613E6 
-7.73816E6 5.598642E6 1.903245E6 
-7.53583E6 5.690822E6 1.634410E6 
-7.32041E6 5.761013E6 1.364863E6 
-7.10937E6 5.767971E6 1.150913E6 
-6.90501E6 5.717652E6 1.010252E6 
-6.70290E6 5.656606E6 9.040564E5 
-6.50148E6 5.635151E6 7.812183E5 
-6.30526E6 5.677786E6 6.060616E5 
-6.12142E6 5.781512E6 3.782309E5 
-5.95357E6 5.927895E6 1.398352E5 
-5.79737E6 6.085044E6 -7.98004E4 
-5.64177E6 6.202533E6 -2.81542E5 
-5.47631E6 6.227917E6 -4.48537E5 
-5.29832E6 6.149720E6 -5.63742E5 
-5.11292E6 6.020214E6 -6.68153E5 
-4.92610E6 5.917552E6 -8.28215E5 
-4.73925E6 5.879623E6 -1.05044E6 
-4.55122E6 5.878062E6 -1.27286E6 
-4.36453E6 5.853868E6 -1.43252E6 
-4.18752E6 5.774843E6 -1.51776E6 
-4.02999E6 5.660812E6 -1.56784E6 
-3.89641E6 5.559865E6 -1.63728E6 
-3.78240E6 5.506843E6 -1.74896E6 
-3.67626E6 5.502307E6 -1.88495E6 
-3.56343E6 5.521170E6 -2.03250E6 
-3.43123E6 5.536023E6 -2.20014E6 
-3.27249E6 5.536663E6 -2.38468E6 
-3.08819E6 5.533401E6 -2.57692E6 
-2.88774E6 5.541668E6 -2.78309E6 
-2.68594E6 5.560385E6 -2.99625E6 
-2.49704E6 5.566602E6 -3.17572E6 
-2.32931E6 5.537516E6 -3.28729E6 
-2.18358E6 5.480854E6 -3.34717E6 
-2.05567E6 5.438709E6 -3.41011E6 
-1.94015E6 5.455507E6 -3.52083E6 
-1.83223E6 5.540563E6 -3.67993E6 
-1.72749E6 5.659501E6 -3.84981E6 
-1.62096E6 5.757999E6 -3.99261E6 
-1.50750E6 5.794679E6 -4.10200E6 
-1.38392E6 5.758524E6 -4.19014E6 
-1.25102E6 5.665098E6 -4.25997E6 
-1.11404E6 5.543601E6 -4.31624E6 
-9.81009E5 5.425643E6 -4.37843E6 
-8.60053E5 5.335552E6 -4.45388E6 
-7.57232E5 5.280211E6 -4.52425E6 
-6.75329E5 5.244327E6 -4.56922E6 
-6.13578E5 5.200033E6 -4.58096E6 
-5.67983E5 5.129152E6 -4.56160E6 
-5.32073E5 5.040571E6 -4.52639E6 
-4.97937E5 4.964549E6 -4.50229E6 
-4.57583E5 4.927273E6 -4.51354E6 
-4.04817E5 4.929375E6 -4.56972E6 
-3.37416E5 4.947289E6 -4.66142E6 
-2.58438E5 4.953930E6 -4.76112E6 
-1.75572E5 4.938811E6 -4.84058E6 
-9.87364E4 4.910672E6 -4.89420E6 
-3.72483E4 4.883910E6 -4.93094E6 
2.328228E3 4.864706E6 -4.94609E6 
1.738752E4 4.849450E6 -4.92621E6 
9.666176E3 4.834193E6 -4.87698E6 
-1.50931E4 4.824309E6 -4.82246E6 
-4.82508E4 4.834266E6 -4.78372E6 
-8.01694E4 4.875730E6 -4.76957E6 
-1.02542E5 4.942199E6 -4.77632E6 
-1.10390E5 5.003547E6 -4.78953E6 
-1.03119E5 5.019651E6 -4.79045E6 
-8.46091E4 4.967172E6 -4.76383E6 
-6.25252E4 4.857748E6 -4.70557E6 
-4.68328E4 4.729754E6 -4.62789E6 
-4.75412E4 4.621293E6 -4.55062E6 
-7.22402E4 4.549056E6 -4.47926E6 
-1.24211E5 4.506924E6 -4.39769E6 
-2.01556E5 4.477830E6 -4.28988E6 
-2.97464E5 4.445977E6 -4.15806E6 
-4.01634E5 4.403391E6 -4.01371E6 
-5.02618E5 4.351954E6 -3.86796E6 
-5.90367E5 4.302236E6 -3.73792E6 
-6.58264E5 4.267987E6 -3.64642E6 
-7.04489E5 4.257078E6 -3.60674E6 
-7.32820E5 4.264677E6 -3.60864E6 
-7.52565E5 4.275284E6 -3.61890E6 
-7.76975E5 4.273679E6 -3.60012E6 
-8.20083E5 4.256345E6 -3.53452E6 
-8.93001E5 4.233250E6 -3.42757E6 
-1.00091E6 4.218677E6 -3.29098E6 
-1.14142E6 4.220317E6 -3.13209E6 
-1.30451E6 4.236448E6 -2.96060E6 
-1.47425E6 4.261772E6 -2.79248E6 
-1.63248E6 4.293871E6 -2.64240E6 
-1.76348E6 4.332584E6 -2.52035E6 
-1.85825E6 4.372964E6 -2.43328E6 
-1.91708E6 4.400345E6 -2.37867E6 
-1.94969E6 4.395140E6 -2.33722E6 
-1.97324E6 4.345900E6 -2.27957E6 
-2.00895E6 4.260115E6 -2.18282E6 
-2.07814E6 4.162697E6 -2.04225E6 
-2.19792E6 4.082468E6 -1.86731E6 
-2.37714E6 4.036813E6 -1.66526E6 
-2.61314E6 4.024635E6 -1.43268E6 
-2.88988E6 4.030331E6 -1.16742E6 
-3.17820E6 4.034746E6 -8.85452E5 
-3.43877E6 4.026031E6 -6.23039E5 
-3.62825E6 4.004240E6 -4.26938E5 
-3.70769E6 3.978138E6 -3.44782E5 
-3.65056E6 3.958169E6 -4.13177E5 
-3.44919E6 3.950840E6 -6.40019E5 
-3.11901E6 3.956663E6 -9.95313E5 
-2.69971E6 3.970971E6 -1.42135E6 
-2.25092E6 3.986857E6 -1.85229E6 
-1.84173E6 3.999713E6 -2.22879E6 
-1.53751E6 4.011262E6 -2.50222E6 
-1.38954E6 4.029401E6 -2.63266E6 
-1.42964E6 4.062459E6 -2.59047E6 
-1.66803E6 4.111604E6 -2.36415E6 
-2.09226E6 4.167654E6 -1.96485E6 
-2.66772E6 4.215135E6 -1.42276E6 
-3.34197E6 4.240080E6 -7.82249E5 
-4.05316E6 4.234999E6 -9.74398E4 
-4.73998E6 4.198083E6 5.786655E5 
-5.35020E6 4.130288E6 1.207530E6 
-5.84648E6 4.035748E6 1.765156E6 
-6.21006E6 3.925626E6 2.228365E6 
-6.44218E6 3.819810E6 2.567307E6 
-6.56307E6 3.742031E6 2.757041E6 
-6.60776E6 3.710412E6 2.798812E6 
-6.61910E6 3.729697E6 2.731760E6 
-6.63918E6 3.789855E6 2.623263E6 
-6.70081E6 3.871503E6 2.542978E6 
-6.82123E6 3.955200E6 2.537600E6 
-6.99971E6 4.029624E6 2.618837E6 
-7.21949E6 4.093823E6 2.766950E6 
-7.45346E6 4.152657E6 2.947561E6 
-7.67160E6 4.209693E6 3.133420E6 
-7.84814E6 4.263367E6 3.315206E6 
-7.96709E6 4.308756E6 3.492574E6 
-8.02582E6 4.342469E6 3.657611E6 
-8.03601E6 4.366336E6 3.790643E6 
-8.02115E6 4.387385E6 3.872268E6 
-8.01043E6 4.414703E6 3.898869E6 
-8.03068E6 4.455277E6 3.888828E6 
-8.09931E6 4.510487E6 3.875447E6 
-8.22097E6 4.574189E6 3.891637E6 
-8.38839E6 4.633429E6 3.956973E6 
-8.58656E6 4.672492E6 4.073789E6 
-8.79781E6 4.679205E6 4.230932E6 
-9.00551E6 4.650092E6 4.411778E6 
-9.19558E6 4.591179E6 4.602206E6 
-9.35686E6 4.514642E6 4.791558E6 
-9.48195E6 4.434772E6 4.965464E6 
-9.56933E6 4.365993E6 5.101215E6 
-9.62521E6 4.322266E6 5.175234E6 
-9.66311E6 4.315434E6 5.177730E6 
-9.70050E6 4.351617E6 5.121893E6 
-9.75344E6 4.427619E6 5.040751E6 
-9.83151E6 4.530412E6 4.973161E6 
-9.93459E6 4.641326E6 4.946318E6 
-1.00525E7 4.743545E6 4.965049E6 
-1.01678E7 4.828623E6 5.014033E6 
-1.02603E7 4.897653E6 5.070421E6 
-1.03132E7 4.956517E6 5.118481E6 
-1.03178E7 5.009398E6 5.156088E6 
-1.02754E7 5.055877E6 5.187686E6 
-1.01969E7 5.093422E6 5.211236E6 
-1.00994E7 5.122340E6 5.213933E6 
-1.00037E7 5.148393E6 5.181619E6 
-9.92980E6 5.180609E6 5.112035E6 
-9.89324E6 5.225857E6 5.020030E6 
-9.90149E6 5.284013E6 4.931368E6 
-9.95160E6 5.346604E6 4.869744E6 
-1.00308E7 5.399457E6 4.845654E6 
-1.01202E7 5.427944E6 4.854666E6 
-1.02006E7 5.422647E6 4.884504E6 
-1.02572E7 5.383047E6 4.923022E6 
-1.02820E7 5.317709E6 4.961074E6 
-1.02735E7 5.241111E6 4.989974E6 
-1.02342E7 5.169106E6 4.996948E6 
-1.01704E7 5.115410E6 4.964816E6 
-1.00907E7 5.090202E6 4.879738E6 
-1.00065E7 5.100027E6 4.741644E6 
-9.92921E6 5.147329E6 4.567534E6 
-9.86735E6 5.228911E6 4.384663E6 
-9.82309E6 5.334525E6 4.218680E6 
-9.79066E6 5.447861E6 4.083328E6 
-9.75738E6 5.551237E6 3.976806E6 
-9.70732E6 5.632275E6 3.886544E6 
-9.62617E6 5.688365E6 3.798447E6 
-9.50559E6 5.725508E6 3.703813E6 
-9.34567E6 5.752498E6 3.600255E6 
-9.15468E6 5.775196E6 3.487284E6 
-8.94676E6 5.795123E6 3.360883E6 
-8.73853E6 5.812407E6 3.213369E6 
-8.54565E6 5.829379E6 3.040296E6 
-8.38011E6 5.851015E6 2.847662E6 
-8.24833E6 5.881542E6 2.651831E6 
-8.14997E6 5.919916E6 2.472059E6 
-8.07770E6 5.957776E6 2.321213E6 
-8.01836E6 5.981719E6 2.200515E6 
-7.95580E6 5.978885E6 2.101505E6 
-7.87504E6 5.942806E6 2.013110E6 
-7.76625E6 5.876377E6 1.927136E6 
-7.62688E6 5.790716E6 1.837769E6 
-7.46113E6 5.701163E6 1.737470E6 
-7.27753E6 5.622871E6 1.614690E6 
-7.08615E6 5.567824E6 1.456826E6 
-6.89651E6 5.543654E6 1.257925E6 
-6.71641E6 5.553539E6 1.025552E6 
-6.55091E6 5.596271E6 7.796163E5 
-6.40120E6 5.666045E6 5.426941E5 
-6.26378E6 5.752304E6 3.292897E5 
-6.13060E6 5.840648E6 1.413092E5 
-5.99082E6 5.915758E6 -2.87331E4 
-5.83381E6 5.966068E6 -1.90277E5 
-5.65254E6 5.988007E6 -3.48980E5 
-5.44589E6 5.986921E6 -5.06742E5 
-5.21901E6 5.973591E6 -6.65718E5 
-4.98189E6 5.958453E6 -8.31074E5 
-4.74667E6 5.947364E6 -1.00948E6 
-4.52491E6 5.941302E6 -1.20426E6 
-4.32530E6 5.939090E6 -1.41050E6 
-4.15224E6 5.940054E6 -1.61471E6 
-4.00518E6 5.944047E6 -1.80093E6 
-3.87886E6 5.948987E6 -1.95904E6 
-3.76427E6 5.948531E6 -2.08891E6 
-3.65053E6 5.932697E6 -2.19821E6 
-3.52718E6 5.892002E6 -2.29652E6 
-3.38678E6 5.822732E6 -2.39019E6 
-3.22675E6 5.729841E6 -2.48196E6 
-3.04995E6 5.625590E6 -2.57476E6 
-2.86369E6 5.525104E6 -2.67548E6 
-2.67757E6 5.441776E6 -2.79402E6 
-2.50094E6 5.384687E6 -2.93781E6 
-2.34086E6 5.358198E6 -3.10557E6 
-2.20079E6 5.362502E6 -3.28515E6 
-2.08016E6 5.393965E6 -3.45846E6 
-1.97465E6 5.445080E6 -3.61106E6 
-1.87715E6 5.504694E6 -3.73919E6 
-1.77927E6 5.559448E6 -3.84905E6 
-1.67325E6 5.596768E6 -3.94988E6 
-1.55396E6 5.608607E6 -4.04687E6 
-1.42039E6 5.594184E6 -4.13935E6 
-1.27612E6 5.560022E6 -4.22492E6 
-1.12843E6 5.516985E6 -4.30514E6 
-9.86462E5 5.475765E6 -4.38653E6 
-8.58901E5 5.443138E6 -4.47560E6 
-7.52092E5 5.420634E6 -4.57202E6 
-6.68762E5 5.405686E6 -4.66573E6 
-6.07600E5 5.393921E6 -4.74130E6 
-5.63606E5 5.380890E6 -4.78717E6 
-5.29113E5 5.362321E6 -4.80302E6 
-4.95349E5 5.333466E6 -4.79940E6 
-4.54323E5 5.289047E6 -4.78994E6 
-4.00718E5 5.224897E6 -4.78291E6 
-3.33291E5 5.140739E6 -4.77847E6 
-2.55336E5 5.042143E6 -4.77292E6 
-1.73944E5 4.939920E6 -4.76565E6 
-9.82597E4 4.847002E6 -4.76216E6 
-3.72571E4 4.774595E6 -4.77027E6 
2.340005E3 4.729542E6 -4.79301E6 
1.754866E4 4.713643E6 -4.82419E6 
9.791836E3 4.724262E6 -4.85067E6 
-1.53457E4 4.755240E6 -4.86014E6 
-4.92576E4 4.797643E6 -4.84890E6 
-8.21890E4 4.840620E6 -4.82356E6 
-1.05481E5 4.873004E6 -4.79520E6 
-1.13680E5 4.885837E6 -4.77075E6 
-1.05963E5 4.875076E6 -4.74870E6 
-8.64831E4 4.843097E6 -4.72213E6 
-6.34511E4 4.797885E6 -4.68587E6 
-4.71695E4 4.750047E6 -4.64122E6 
-4.75654E4 4.709025E6 -4.59393E6 
-7.19041E4 4.680171E6 -4.54739E6 
-1.23204E5 4.663705E6 -4.49707E6 
-1.99587E5 4.655555E6 -4.43162E6 
-2.94573E5 4.649321E6 -4.34044E6 
-3.98236E5 4.638377E6 -4.22238E6 
-4.99108E5 4.617313E6 -4.08868E6 
-5.86601E5 4.582504E6 -3.95719E6 
-6.53542E5 4.532230E6 -3.84170E6 
-6.98237E5 4.466952E6 -3.74452E6 
-7.25370E5 4.389923E6 -3.65762E6 
-7.45297E5 4.307620E6 -3.57065E6 
-7.71765E5 4.229189E6 -3.47862E6 
-8.18629E5 4.164636E6 -3.38309E6 
-8.96493E5 4.122330E6 -3.28692E6 
-1.01004E6 4.106869E6 -3.18821E6 
-1.15661E6 4.118039E6 -3.07964E6 
-1.32623E6 4.151005E6 -2.95449E6 
-1.50323E6 4.197376E6 -2.81427E6 
-1.66934E6 4.246758E6 -2.67148E6 
-1.80785E6 4.288594E6 -2.54399E6 
-1.90780E6 4.314218E6 -2.44434E6 
-1.96730E6 4.318882E6 -2.37168E6 
-1.99477E6 4.303144E6 -2.31234E6 
-2.00779E6 4.272866E6 -2.24825E6 
-2.02962E6 4.237482E6 -2.16604E6 
-2.08423E6 4.207025E6 -2.05984E6 
-2.19098E6 4.189033E6 -1.92699E6 
-2.35999E6 4.186432E6 -1.76243E6 
-2.58893E6 4.196982E6 -1.55900E6 
-2.86162E6 4.214254E6 -1.31546E6 
-3.14857E6 4.229660E6 -1.04695E6 
-3.41003E6 4.234888E6 -7.88977E5 
-3.60167E6 4.224015E6 -5.89929E5 
-3.68280E6 4.194739E6 -4.94861E5 
-3.62573E6 4.148596E6 -5.29649E5 
-3.42375E6 4.090400E6 -6.94607E5 
-3.09521E6 4.027366E6 -9.69324E5 
-2.68205E6 3.968148E6 -1.32209E6 
-2.24310E6 3.921775E6 -1.71501E6 
-1.84425E6 3.896319E6 -2.10185E6 
-1.54831E6 3.897301E6 -2.42457E6 
-1.40662E6 3.926067E6 -2.61743E6 
-1.45305E6 3.978631E6 -2.62233E6 
-1.70003E6 4.045519E6 -2.40905E6 
-2.13644E6 4.113074E6 -1.98823E6 
-2.72783E6 4.166299E6 -1.40819E6 
-3.42012E6 4.192604E6 -7.36424E5 
-4.14711E6 4.185272E6 -3.71944E4 
-4.84111E6 4.145298E6 6.415517E5 
-5.44414E6 4.081001E6 1.266264E6 
-5.91731E6 4.005729E6 1.807010E6 
-6.24592E6 3.934665E6 2.230837E6 
-6.43955E6 3.881730E6 2.508328E6 
-6.52747E6 3.857181E6 2.630366E6 
-6.55088E6 3.866061E6 2.622120E6 
-6.55399E6 3.907479E6 2.541359E6 
-6.57586E6 3.974790E6 2.458777E6 
-6.64417E6 4.056821E6 2.430832E6 
-6.77149E6 4.140204E6 2.481311E6 
-6.95449E6 4.212406E6 2.601926E6 
-7.17611E6 4.264528E6 2.768822E6 
-7.41053E6 4.292931E6 2.961162E6 
-7.63000E6 4.299313E6 3.168378E6 
-7.81175E6 4.289643E6 3.383353E6 
-7.94324E6 4.272659E6 3.590942E6 
-8.02441E6 4.258312E6 3.764824E6 
-8.06678E6 4.256188E6 3.878129E6 
-8.08990E6 4.273778E6 3.920778E6 
-8.11652E6 4.314667E6 3.909791E6 
-8.16733E6 4.377034E6 3.883571E6 
-8.25666E6 4.453100E6 3.883161E6 
-8.38962E6 4.530185E6 3.932954E6 
-8.56126E6 4.593704E6 4.033351E6 
-8.75796E6 4.631458E6 4.168525E6 
-8.96065E6 4.637616E6 4.321067E6 
-9.14918E6 4.614484E6 4.481238E6 
-9.30686E6 4.571331E6 4.644722E6 
-9.42387E6 4.521189E6 4.803223E6 
-9.49911E6 4.477461E6 4.938343E6 
-9.54011E6 4.451562E6 5.026428E6 
-9.56108E6 4.451656E6 5.052488E6 
-9.57959E6 4.481908E6 5.022669E6 
-9.61241E6 4.541778E6 4.964672E6 
-9.67146E6 4.625526E6 4.914513E6 
-9.76077E6 4.722554E6 4.898384E6 
-9.87521E6 4.819219E6 4.921834E6 
-1.00015E7 4.902096E6 4.972817E6 
-1.01220E7 4.961690E6 5.034655E6 
-1.02186E7 4.994965E6 5.097719E6 
-1.02782E7 5.005531E6 5.160957E6 
-1.02952E7 5.001706E6 5.223795E6 
-1.02729E7 4.993745E6 5.277220E6 
-1.02221E7 4.991545E6 5.303267E6 
-1.01583E7 5.003252E6 5.285004E6 
-1.00989E7 5.034294E6 5.219767E6 
-1.00595E7 5.086304E6 5.124724E6 
-1.00508E7 5.156027E6 5.029444E6 
-1.00767E7 5.234891E6 4.960378E6 
-1.01326E7 5.310160E6 4.928167E6 
-1.02065E7 5.368009E6 4.926028E6 
-1.02815E7 5.397839E6 4.938806E6 
-1.03398E7 5.396042E6 4.954313E6 
-1.03671E7 5.367298E6 4.967736E6 
-1.03556E7 5.322752E6 4.976890E6 
-1.03055E7 5.276247E6 4.974382E6 
-1.02241E7 5.240663E6 4.945182E6 
-1.01240E7 5.225718E6 4.873316E6 
-1.00196E7 5.237285E6 4.753401E6 
-9.92486E6 5.277326E6 4.597691E6 
-9.84959E6 5.343662E6 4.431960E6 
-9.79791E6 5.429559E6 4.282290E6 
-9.76669E6 5.523902E6 4.162083E6 
-9.74605E6 5.612858E6 4.068113E6 
-9.72153E6 5.683228E6 3.987336E6 
-9.67785E6 5.726418E6 3.908090E6 
-9.60289E6 5.741169E6 3.826469E6 
-9.49101E6 5.733556E6 3.743457E6 
-9.34422E6 5.714359E6 3.656861E6 
-9.17134E6 5.695367E6 3.556472E6 
-8.98559E6 5.686423E6 3.427792E6 
-8.80157E6 5.693973E6 3.262268E6 
-8.63240E6 5.720687E6 3.066082E6 
-8.48740E6 5.765299E6 2.859784E6 
-8.37043E6 5.822364E6 2.668006E6 
-8.27906E6 5.882378E6 2.506451E6 
-8.20486E6 5.933122E6 2.375376E6 
-8.13489E6 5.962625E6 2.263295E6 
-8.05462E6 5.963038E6 2.156875E6 
-7.95141E6 5.933666E6 2.048764E6 
-7.81765E6 5.881485E6 1.937556E6 
-7.65256E6 5.818829E6 1.821372E6 
-7.46190E6 5.759531E6 1.692217E6 
-7.25616E6 5.715430E6 1.537342E6 
-7.04777E6 5.694448E6 1.347506E6 
-6.84829E6 5.700155E6 1.125789E6 
-6.66619E6 5.732001E6 8.892843E5 
-6.50527E6 5.785502E6 6.611174E5 
-6.36401E6 5.852336E6 4.580801E5 
-6.23582E6 5.920944E6 2.828699E5 
-6.11048E6 5.978354E6 1.261145E5 
-5.97647E6 6.013325E6 -2.43987E4 
-5.82390E6 6.019835E6 -1.75117E5 
-5.64714E6 5.999226E6 -3.25383E5 
-5.44631E6 5.959703E6 -4.73426E5 
-5.22714E6 5.913338E6 -6.23264E5 
-4.99939E6 5.872133E6 -7.85447E5 
-4.77443E6 5.844947E6 -9.70187E5 
-4.56274E6 5.836115E6 -1.17812E6 
-4.37190E6 5.845454E6 -1.39641E6 
-4.20527E6 5.868824E6 -1.60418E6 
-4.06146E6 5.898794E6 -1.78400E6 
-3.93465E6 5.925523E6 -1.93111E6 
-3.81574E6 5.938389E6 -2.05394E6 
-3.69425E6 5.928549E6 -2.16635E6 
-3.56073E6 5.891794E6 -2.27824E6 
-3.40906E6 5.830397E6 -2.39180E6 
-3.23804E6 5.752834E6 -2.50547E6 
-3.05158E6 5.671349E6 -2.62089E6 
-2.85760E6 5.598491E6 -2.74586E6 
-2.66597E6 5.544170E6 -2.88986E6 
-2.48611E6 5.514088E6 -3.05560E6 
-2.32501E6 5.509466E6 -3.23379E6 
-2.18587E6 5.527413E6 -3.40627E6 
-2.06761E6 5.561439E6 -3.55594E6 
-1.96521E6 5.602091E6 -3.67638E6 
-1.87080E6 5.638115E6 -3.77400E6 
-1.77545E6 5.658513E6 -3.86152E6 
-1.67126E6 5.655314E6 -3.94834E6 
-1.55330E6 5.626102E6 -4.03559E6 
-1.42097E6 5.575017E6 -4.11910E6 
-1.27808E6 5.511528E6 -4.19684E6 
-1.13193E6 5.447394E6 -4.27365E6 
-9.91454E5 5.393196E6 -4.35851E6 
-8.65149E5 5.355765E6 -4.45643E6 
-7.59240E5 5.337107E6 -4.56173E6 
-6.76436E5 5.334624E6 -4.65892E6 
-6.15443E5 5.342072E6 -4.73136E6 
-5.71246E5 5.350858E6 -4.77152E6 
-5.36122E5 5.351587E6 -4.78523E6 
-5.01264E5 5.335925E6 -4.78687E6 
-4.58761E5 5.298619E6 -4.78952E6 
-4.03521E5 5.239162E6 -4.79790E6 
-3.34612E5 5.162328E6 -4.80896E6 
-2.55594E5 5.077176E6 -4.81862E6 
-1.73663E5 4.994753E6 -4.82798E6 
-9.78916E4 4.925383E6 -4.84334E6 
-3.70597E4 4.876497E6 -4.86978E6 
2.325458E3 4.851470E6 -4.90416E6 
1.743508E4 4.849400E6 -4.93412E6 
9.732349E3 4.865488E6 -4.94478E6 
-1.52671E4 4.891809E6 -4.92847E6 
-4.90706E4 4.918468E6 -4.88984E6 
-8.19938E4 4.935280E6 -4.84242E6 
-1.05366E5 4.933942E6 -4.79911E6 
-1.13675E5 4.910229E6 -4.76430E6 
-1.06052E5 4.865352E6 -4.73325E6 
-8.66356E4 4.805771E6 -4.69857E6 
-6.36385E4 4.741348E6 -4.65766E6 
-4.73831E4 4.682522E6 -4.61453E6 
-4.78725E4 4.637576E6 -4.57449E6 
-7.25183E4 4.610803E6 -4.53659E6 
-1.24498E5 4.601868E6 -4.49090E6 
-2.01994E5 4.606204E6 -4.42377E6 
-2.98384E5 4.616171E6 -4.32764E6 
-4.03391E5 4.622726E6 -4.20770E6 
-5.05098E5 4.617392E6 -4.07995E6 
-5.92559E5 4.594229E6 -3.96180E6 
-6.58515E5 4.551337E6 -3.86220E6 
-7.01494E5 4.491441E6 -3.77840E6 
-7.26588E5 4.421328E6 -3.70107E6 
-7.44531E5 4.350266E6 -3.62259E6 
-7.69267E5 4.287916E6 -3.54142E6 
-8.14669E5 4.242335E6 -3.45932E6 
-8.91288E5 4.218497E6 -3.37462E6 
-1.00381E6 4.217489E6 -3.27887E6 
-1.14973E6 4.236337E6 -3.16078E6 
-1.31930E6 4.268428E6 -3.01543E6 
-1.49705E6 4.304543E6 -2.85103E6 
-1.66476E6 4.334541E6 -2.68723E6 
-1.80543E6 4.349553E6 -2.54506E6 
-1.90771E6 4.344199E6 -2.43535E6 
-1.96937E6 4.318104E6 -2.35383E6 
-1.99880E6 4.276072E6 -2.28577E6 
-2.01384E6 4.226762E6 -2.21549E6 
-2.03816E6 4.180338E6 -2.13308E6 
-2.09614E6 4.145903E6 -2.03334E6 
-2.20738E6 4.129425E6 -1.90989E6 
-2.38199E6 4.132543E6 -1.75164E6 
-2.61723E6 4.152283E6 -1.54763E6 
-2.89596E6 4.181676E6 -1.29844E6 
-3.18728E6 4.211193E6 -1.02578E6 
-3.44989E6 4.230904E6 -7.71840E5 
-3.63842E6 4.232955E6 -5.86586E5 
-3.71221E6 4.213687E6 -5.10102E5 
-3.64492E6 4.174664E6 -5.60471E5 
-3.43208E6 4.122276E6 -7.33229E5 
-3.09436E6 4.066114E6 -1.00933E6 
-2.67517E6 4.016769E6 -1.36266E6 
-2.23349E6 3.983716E6 -1.75999E6 
-1.83435E6 3.973630E6 -2.15488E6 
-1.53928E6 3.989193E6 -2.48436E6 
-1.39855E6 4.028353E6 -2.67717E6 
-1.44554E6 4.084099E6 -2.67370E6 
-1.69287E6 4.145098E6 -2.44761E6 
-2.13008E6 4.197494E6 -2.01569E6 
-2.72344E6 4.227896E6 -1.42925E6 
-3.41923E6 4.226855E6 -7.52821E5 
-4.15112E6 4.191613E6 -4.39126E4 
-4.85092E6 4.126982E6 6.540595E5 
-5.46037E6 4.044019E6 1.305076E6 
-5.94069E6 3.957206E6 1.870161E6 
-6.27757E6 3.881330E6 2.306288E6 
-6.48073E6 3.828977E6 2.579383E6 
-6.57889E6 3.808894E6 2.683774E6 
-6.61201E6 3.825009E6 2.653247E6 
-6.62267E6 3.875851E6 2.553277E6 
-6.64840E6 3.954431E6 2.456817E6 
-6.71579E6 4.049008E6 2.417553E6 
-6.83698E6 4.145141E6 2.456046E6 
-7.00886E6 4.228924E6 2.564766E6 
-7.21535E6 4.290462E6 2.724775E6 
-7.43220E6 4.326172E6 2.919987E6 
-7.63362E6 4.338996E6 3.139408E6 
-7.79885E6 4.336712E6 3.369166E6 
-7.91695E6 4.329390E6 3.584975E6 
-7.98879E6 4.327017E6 3.755059E6 
-8.02614E6 4.337664E6 3.854414E6 
-8.04827E6 4.366116E6 3.880765E6 
-8.07738E6 4.412797E6 3.859675E6 
-8.13360E6 4.473159E6 3.833745E6 
-8.23069E6 4.538015E6 3.842420E6 
-8.37317E6 4.595282E6 3.905439E6 
-8.55537E6 4.633106E6 4.019721E6 
-8.76286E6 4.643476E6 4.169294E6 
-8.97580E6 4.624863E6 4.338578E6 
-9.17370E6 4.582628E6 4.518244E6 
-9.34006E6 4.527201E6 4.700662E6 
-9.46574E6 4.471164E6 4.871468E6 
-9.55038E6 4.426661E6 5.007236E6 
-9.60173E6 4.403783E6 5.083979E6 
-9.63341E6 4.409715E6 5.091598E6 
-9.66146E6 4.448051E6 5.043142E6 
-9.70063E6 4.517945E6 4.970810E6 
-9.76080E6 4.613348E6 4.910583E6 
-9.84460E6 4.723068E6 4.885804E6 
-9.94664E6 4.832469E6 4.900198E6 
-1.00549E7 4.926950E6 4.943389E6 
-1.01539E7 4.996186E6 5.002642E6 
-1.02286E7 5.037192E6 5.070675E6 
-1.02684E7 5.054605E6 5.144090E6 
-1.02699E7 5.058198E6 5.215845E6 
-1.02369E7 5.059200E6 5.270411E6 
-1.01802E7 5.067268E6 5.287790E6 
-1.01147E7 5.088889E6 5.255007E6 
-1.00572E7 5.126806E6 5.176769E6 
-1.00225E7 5.179737E6 5.076416E6 
-1.00212E7 5.242220E6 4.985321E6 
-1.00563E7 5.305067E6 4.927602E6 
-1.01229E7 5.357047E6 4.910192E6 
-1.02082E7 5.387862E6 4.923899E6 
-1.02944E7 5.391501E6 4.953043E6 
-1.03630E7 5.368452E6 4.985333E6 
-1.03993E7 5.325636E6 5.014421E6 
-1.03958E7 5.274202E6 5.034716E6 
-1.03532E7 5.226474E6 5.035100E6 
-1.02793E7 5.193457E6 4.999080E6 
-1.01867E7 5.183531E6 4.913012E6 
-1.00892E7 5.202017E6 4.776567E6 
-9.99942E6 5.250827E6 4.606682E6 
-9.92556E6 5.327789E6 4.430773E6 
-9.87034E6 5.425878E6 4.273447E6 
-9.83002E6 5.533239E6 4.145903E6 
-9.79521E6 5.634965E6 4.044647E6 
-9.75313E6 5.716758E6 3.958899E6 
-9.69093E6 5.769363E6 3.879733E6 
-9.59905E6 5.791644E6 3.803470E6 
-9.47373E6 5.790558E6 3.727563E6 
-9.31787E6 5.778009E6 3.644329E6 
-9.14015E6 5.766408E6 3.539773E6 
-8.95309E6 5.765138E6 3.400118E6 
-8.77043E6 5.778975E6 3.221825E6 
-8.60464E6 5.808110E6 3.017266E6 
-8.46464E6 5.848806E6 2.810787E6 
-8.35404E6 5.894109E6 2.626942E6 
-8.27013E6 5.934780E6 2.478737E6 
-8.20400E6 5.960937E6 2.363438E6 
-8.14218E6 5.964571E6 2.267688E6 
-8.06952E6 5.942210E6 2.177168E6 
-7.97293E6 5.896445E6 2.083286E6 
-7.84466E6 5.835443E6 1.982435E6 
-7.68407E6 5.770640E6 1.870125E6 
-7.49723E6 5.713813E6 1.736891E6 
-7.29486E6 5.674775E6 1.571079E6 
-7.08933E6 5.660238E6 1.367045E6 
-6.89181E6 5.673510E6 1.132075E6 
-6.71008E6 5.714324E6 8.856224E5 
-6.54721E6 5.778451E6 6.503463E5 
-6.40120E6 5.857354E6 4.410666E5 
-6.26555E6 5.938658E6 2.593532E5 
-6.13071E6 6.008199E6 9.683937E4 
-5.98640E6 6.053628E6 -5.63929E4 
-5.82417E6 6.068397E6 -2.05445E5 
-5.63962E6 6.054108E6 -3.51014E5 
-5.43354E6 6.019806E6 -4.95109E5 
-5.21169E6 5.978423E6 -6.45641E5 
-4.98338E6 5.942257E6 -8.14431E5 
-4.75936E6 5.919525E6 -1.00921E6 
-4.54954E6 5.913016E6 -1.22578E6 
-4.36117E6 5.920518E6 -1.44697E6 
-4.19743E6 5.936120E6 -1.65032E6 
-4.05687E6 5.951694E6 -1.81965E6 
-3.93355E6 5.958397E6 -1.95276E6 
-3.81819E6 5.948353E6 -2.06034E6 
-3.70004E6 5.916524E6 -2.15776E6 
-3.56938E6 5.862311E6 -2.25627E6 
-3.41993E6 5.790167E6 -2.35979E6 
-3.25045E6 5.708742E6 -2.46877E6 
-3.06497E6 5.628804E6 -2.58623E6 
-2.87156E6 5.560774E6 -2.71959E6 
-2.68017E6 5.512783E6 -2.87576E6 
-2.50026E6 5.489653E6 -3.05381E6 
-2.33871E6 5.492585E6 -3.24167E6 
-2.19863E6 5.519105E6 -3.42074E6 
-2.07882E6 5.563032E6 -3.57548E6 
-1.97425E6 5.614715E6 -3.70116E6 
-1.87717E6 5.662096E6 -3.80423E6 
-1.77893E6 5.693019E6 -3.89576E6 
-1.67201E6 5.698492E6 -3.98335E6 
-1.55189E6 5.675681E6 -4.06800E6 
-1.41816E6 5.629058E6 -4.14769E6 
-1.27467E6 5.568883E6 -4.22368E6 
-1.12855E6 5.507610E6 -4.30303E6 
-9.88503E5 5.455914E6 -4.39423E6 
-8.62779E5 5.419910E6 -4.49913E6 
-7.57466E5 5.400260E6 -4.60818E6 
-6.75216E5 5.392856E6 -4.70348E6 
-6.14733E5 5.390420E6 -4.76841E6 
-5.71022E5 5.384414E6 -4.79722E6 
-5.36367E5 5.366912E6 -4.79782E6 
-5.01941E5 5.332267E6 -4.78614E6 
-4.59782E5 5.278371E6 -4.77656E6 
-4.04739E5 5.207258E6 -4.77524E6 
-3.35848E5 5.124806E6 -4.78089E6 
-2.56679E5 5.039547E6 -4.79081E6 
-1.74478E5 4.960902E6 -4.80625E6 
-9.83871E4 4.897342E6 -4.83184E6 
-3.72579E4 4.854958E6 -4.86961E6 
2.338284E3 4.836601E6 -4.91350E6 
1.753078E4 4.841525E6 -4.94990E6 
9.782790E3 4.865358E6 -4.96481E6 
-1.53364E4 4.900415E6 -4.95234E6 
-4.92441E4 4.936552E6 -4.91806E6 
-8.21794E4 4.962814E6 -4.87470E6 
