lumen_inlet lumen_outlet lumen_wall 
1.249455E1 1.249056E1 3.765934E2 

1.73142137 4.275258E1 -1.10007E1 
3.34063763 -2.66392E1 2.47329855 
3.01062322 3.13477538 -6.2200114 
3.10478444 3.60429E-1 -5.4111E-1 
3.12770647 2.30393404 -5.3558060 
3.01033037 2.73856E-1 3.97620259 
3.05709573 4.47193E-1 -5.8174E-1 
2.79449653 1.21807296 -6.8579765 
2.94746228 3.95140E-1 -5.4098599 
3.26897497 8.79666E-1 1.87695420 
4.69128242 5.03679E-1 1.10504699 
7.53406109 4.62134E-1 -3.1473619 
1.141744E1 5.70052E-1 -5.2355E-2 
1.318460E1 6.11756E-1 5.74882E-1 
8.71225686 4.03969E-1 -3.2027446 
-2.2571530 1.74164E-1 -3.0973677 
-1.13884E1 3.07274E-1 3.87715E-2 
-8.0737632 4.99855E-1 -1.2133368 
5.23664708 4.93360E-1 -3.8463650 
1.210466E1 3.80463E-1 -2.8444367 
4.38463983 3.53846E-1 2.12240E-1 
-4.9047990 5.04100E-1 1.58059805 
-1.9529876 9.65778E-1 -1.9207E-1 
5.61045193 1.88809406 -2.2364367 
4.10422743 3.29329681 -2.1699257 
-1.7557139 4.87389225 -9.9070E-1 
-7.2633E-1 5.64943364 1.15373E-1 
3.26894343 4.31282877 5.87655E-1 
1.98835938 4.82533E-1 2.96740E-1 
-5.9286E-1 -4.3319466 -6.7856E-1 
7.51067E-1 -6.9158184 -1.7174058 
2.11217918 -4.6181183 -1.5897854 
9.78359E-1 1.15487637 -1.5517E-1 
5.86593E-1 5.04646567 4.72413E-1 
1.31025220 3.24714083 -9.4774E-1 
1.17141559 -1.8840858 -2.1570651 
1.34829566 -4.2760232 -1.1142711 
2.91742049 -1.4680568 4.78844E-1 
4.41280172 2.26078699 8.26061E-1 
5.09822719 1.90155996 8.09757E-1 
4.95210438 -1.2645455 9.60318E-1 
3.02641217 -2.1288561 -8.5050E-2 
-7.1915E-1 1.81612E-1 -2.0024471 
-4.4012606 1.52251912 -2.0535574 
-5.6555295 5.68094E-2 -2.9674E-1 
-3.0348367 -1.1899300 1.46961E-1 
2.33756943 -2.1687E-1 -1.3130734 
6.45430841 8.36072E-1 -1.9165330 
5.80153251 3.31762E-1 -6.8481E-1 
1.00794507 5.86911E-2 3.08885E-1 
-3.5943702 1.42321400 -1.3688E-1 
-4.1186994 2.92277272 -1.0000799 
-1.1273004 3.18780886 -1.1843926 
1.01425902 2.86220551 -6.2254E-1 
-6.5615E-1 2.29458230 4.28783E-1 
-4.1667064 7.04923E-1 1.61197443 
-5.3526332 -1.6326638 2.06893864 
-3.3272169 -3.0476093 1.32687238 
-1.3376440 -2.5482940 3.14730E-1 
-1.9382536 -5.4338E-1 3.52494E-1 
-3.5498521 1.83990776 1.38004213 
-3.2662941 2.99547634 2.00619608 
-1.2189955 1.63476531 1.51508885 
1.44568E-1 -1.5869870 7.81143E-1 
6.20688E-2 -4.1669014 7.42659E-1 
9.51901E-2 -4.1738468 1.22392920 
8.82318E-1 -2.1379542 1.63168245 
8.78139E-1 -3.4810E-1 1.69412399 
-1.0356342 -4.8196E-1 1.23535854 
-3.7678902 -1.9306282 3.79881E-1 
-5.6755647 -2.5816443 -1.5082E-1 
-6.3105694 -1.3773250 2.30685E-1 
-5.7380378 4.29406E-1 1.17021920 
-3.8209480 1.02346778 1.83591333 
-1.2742144 3.61413E-1 1.90997835 
-8.8180E-2 -1.8701E-2 1.66418625 
-1.6678288 8.18026E-1 1.41626774 
-5.1346566 2.06109599 1.34148961 
-8.1101740 2.42435935 1.43734236 
-8.7445773 1.83498688 1.49636054 
-6.9937895 1.16776858 1.37373498 
-4.5653325 7.15412E-1 1.27672252 
-3.5753693 -1.1302E-1 1.56313483 
-4.5665696 -1.4970100 2.15204074 
-5.8713536 -2.5073282 2.42772284 
-5.4841590 -2.1677627 1.98215079 
-3.4063597 -6.9233E-1 1.27722578 
-1.5011991 7.98170E-1 1.13792407 
-1.1641191 1.40782578 1.66439995 
-1.8235860 8.78038E-1 2.17018005 
-1.9161980 -6.6796E-1 2.13189391 
-8.6986E-1 -2.6738380 1.73947893 
2.84635E-1 -4.0162011 1.46199928 
2.35448E-1 -3.7260257 1.47345214 
-1.0786369 -2.0822145 1.62666145 
-2.6044050 -5.0560E-1 1.63924523 
-3.5655961 -1.2946E-1 1.30690801 
-4.0965782 -7.4536E-1 8.00961E-1 
-4.4234109 -1.2300834 6.19712E-1 
-4.1227679 -7.5497E-1 1.05124439 
-2.7515288 4.77362E-1 1.78749033 
-8.9277E-1 1.52658184 2.24162861 
4.76668E-2 1.68106260 2.14964682 
-8.1265E-1 1.16720892 1.73430333 
-2.9985810 8.35946E-1 1.36730073 
-5.1961992 1.12878147 1.23352855 
-6.2659350 1.54184734 1.30273220 
-5.7733939 1.26727995 1.43311174 
-4.0498195 1.84942E-1 1.50905805 
-2.0762649 -1.0195091 1.54350834 
-9.8996E-1 -1.6265045 1.61684455 
-1.1639792 -1.5218450 1.72799351 
-1.7612584 -1.0424325 1.73439056 
-1.5410304 -4.5051E-1 1.51838772 
-1.9022E-1 1.93996E-1 1.20376577 
1.36786834 6.95480E-1 1.07269299 
2.03316458 5.76883E-1 1.24063015 
1.65776070 -4.7752E-1 1.51179077 
1.00957245 -2.0843768 1.57390004 
8.19499E-1 -3.2790521 1.29679930 
1.04049321 -3.2937125 8.58763E-1 
1.00336152 -2.1899991 5.80682E-1 
2.10681E-1 -7.2551E-1 5.98674E-1 
-1.0487802 3.05170E-1 7.19243E-1 
-1.8970719 5.81605E-1 6.65847E-1 
-1.6980906 3.32229E-1 4.54028E-1 
-6.4426E-1 1.02341E-1 3.96130E-1 
5.18664E-1 3.63829E-1 6.95125E-1 
1.20545424 1.12333957 1.15990797 
1.27315032 1.86653261 1.38885336 
7.37193E-1 2.01932633 1.17086038 
-4.1049E-1 1.52120912 6.75615E-1 
-1.9215951 8.64466E-1 2.69868E-1 
-3.0500253 5.36537E-1 1.87259E-1 
-2.9480467 5.09811E-1 3.77596E-1 
-1.4564803 3.57965E-1 6.11205E-1 
6.11952E-1 -1.8091E-1 6.97318E-1 
2.11205623 -8.6222E-1 6.23806E-1 
2.51130295 -1.1616025 5.05717E-1 
2.20181572 -7.9339E-1 4.25326E-1 
1.98954287 4.28592E-3 3.54453E-1 
2.37068881 6.65686E-1 2.34335E-1 
3.22525682 7.49596E-1 8.86800E-2 
4.02246189 2.15208E-1 7.20313E-3 
4.25311146 -6.7006E-1 2.52360E-2 
3.79110355 -1.5763297 6.85356E-2 
2.97912199 -2.2140257 1.47460E-2 
2.34576644 -2.3024617 -1.9972E-1 
2.13821663 -1.6566262 -5.0693E-1 
2.12128026 -4.3096E-1 -7.4060E-1 
1.90654431 8.19122E-1 -7.7603E-1 
1.47321248 1.49343015 -6.4548E-1 
1.26030622 1.43694587 -4.9542E-1 
1.68194006 1.04759762 -4.2668E-1 
2.60500465 8.82307E-1 -4.0363E-1 
3.38109901 1.16742104 -3.3845E-1 
3.39400439 1.66492041 -2.3901E-1 
2.55191215 1.95168788 -2.3215E-1 
1.30064520 1.78792580 -4.2282E-1 
2.64170E-1 1.26027762 -7.4657E-1 
-1.0540E-1 6.58085E-1 -9.9555E-1 
3.47152E-1 2.44195E-1 -1.0030285 
1.50982521 8.83946E-2 -7.9479E-1 
3.04223137 6.09635E-2 -5.6520E-1 
4.43420046 -9.6625E-3 -5.0557E-1 
5.20190445 -1.3971E-1 -6.4838E-1 
5.19440925 -1.5762E-1 -8.7398E-1 
4.74715840 9.03974E-2 -1.0475390 
4.44797010 4.94159E-1 -1.1254944 
4.64770816 6.89691E-1 -1.1482052 
5.16570060 3.66219E-1 -1.1683430 
5.48693086 -4.2679E-1 -1.2052132 
5.24845472 -1.2794018 -1.2555995 
4.53557410 -1.7136590 -1.3223096 
3.75320559 -1.4921614 -1.4184314 
3.26813137 -7.1033E-1 -1.5441791 
3.16594278 3.23321E-1 -1.6627354 
3.27916155 1.26261509 -1.7104817 
3.39268220 1.84542317 -1.6459712 
3.43020510 1.96561502 -1.4905208 
3.47885283 1.71651460 -1.3188822 
3.64100446 1.36271801 -1.2091738 
3.84732443 1.19276819 -1.1926190 
3.82861136 1.31443336 -1.2442455 
3.32934370 1.56190932 -1.3229877 
2.40379307 1.63012488 -1.4129429 
1.50132514 1.33994159 -1.5162448 
1.20257845 7.94797E-1 -1.6124162 
1.79804655 2.85418E-1 -1.6437267 
3.07359235 4.32965E-2 -1.5592248 
4.47948874 7.65116E-2 -1.3835975 
5.50093283 2.18771E-1 -1.2327107 
5.91012088 3.08188E-1 -1.2312669 
5.77436649 3.09291E-1 -1.3986349 
5.33210700 2.83897E-1 -1.6236021 
4.86964624 2.72956E-1 -1.7623701 
4.61391622 2.18320E-1 -1.7588180 
4.62310297 1.10264E-3 -1.6736245 
4.73801070 -4.2852E-1 -1.6106863 
4.68361724 -9.3687E-1 -1.6239386 
4.28750363 -1.2258476 -1.6903756 
3.64009765 -1.0151066 -1.7557069 
3.04180470 -2.6678E-1 -1.7869182 
2.76736792 7.44672E-1 -1.7796842 
2.85144669 1.60023971 -1.7343249 
3.08474128 2.00656666 -1.6427623 
3.21012729 1.94456923 -1.5027432 
3.12102772 1.60854321 -1.3387504 
2.88330158 1.23921846 -1.2031210 
2.59725297 9.98047E-1 -1.1465655 
2.27196122 9.31071E-1 -1.1785368 
1.84646028 9.82562E-1 -1.2568432 
1.32607539 1.02767226 -1.3206007 
8.85056E-1 9.35360E-1 -1.3338987 
8.14817E-1 6.56956E-1 -1.2984173 
1.32853956 2.79646E-1 -1.2322075 
2.36264587 -2.0021E-2 -1.1448584 
3.54603096 -1.0668E-1 -1.0392224 
4.39359873 5.13893E-3 -9.3609E-1 
4.59519551 1.64020E-1 -8.8305E-1 
4.18333155 2.06465E-1 -9.2101E-1 
3.46467504 7.75270E-2 -1.0359499 
2.79533857 -1.5774E-1 -1.1504907 
2.38194202 -4.0363E-1 -1.1759158 
2.22750551 -6.1815E-1 -1.0843756 
2.20367628 -8.0618E-1 -9.3455E-1 
2.15593707 -9.4158E-1 -8.2406E-1 
1.97856847 -9.1965E-1 -8.0883E-1 
1.65514097 -6.1303E-1 -8.6181E-1 
1.26857346 4.40959E-3 -9.0533E-1 
9.59637E-1 7.79429E-1 -8.7970E-1 
8.28511E-1 1.43206057 -7.8172E-1 
8.40116E-1 1.71312463 -6.4693E-1 
8.25379E-1 1.55230836 -5.0633E-1 
6.00326E-1 1.09241851 -3.6731E-1 
1.09798E-1 5.93104E-1 -2.3252E-1 
-5.2918E-1 2.75634E-1 -1.2084E-1 
-1.1148879 2.11164E-1 -5.7483E-2 
-1.4868812 3.16012E-1 -4.5912E-2 
-1.5752909 4.37636E-1 -5.9418E-2 
-1.3527893 4.56647E-1 -6.5077E-2 
-7.7707E-1 3.38335E-1 -5.4655E-2 
1.80999E-1 1.24044E-1 -5.2714E-2 
1.43814250 -1.0779E-1 -9.8272E-2 
2.73303042 -2.8503E-1 -2.1761E-1 
3.69514997 -3.8054E-1 -4.0922E-1 
4.02424031 -4.3223E-1 -6.4760E-1 
3.65164214 -5.2147E-1 -8.9416E-1 
2.76722516 -7.0938E-1 -1.1031142 
1.69927389 -9.7404E-1 -1.2235068 
7.33502E-1 -1.2053043 -1.2084646 
-1.3382E-2 -1.2682319 -1.0337428 
-5.9800E-1 -1.0834846 -7.1560E-1 
-1.1502559 -6.5837E-1 -3.1194E-1 
-1.7511963 -5.4952E-2 1.02560E-1 
-2.3746328 6.53742E-1 4.73860E-1 
-2.9176833 1.38735206 7.89708E-1 
-3.2781646 2.02841564 1.06525747 
-3.4189767 2.41537103 1.30730797 
-3.3881124 2.39584643 1.49345570 
-3.2975917 1.91409587 1.58535864 
-3.2758383 1.06592719 1.56236293 
-3.4051006 7.51865E-2 1.44315996 
-3.6686075 -8.0118E-1 1.27714294 
-3.9434304 -1.3859933 1.11790877 
-4.0583492 -1.6466910 1.00412579 
-3.8881555 -1.6753455 9.57212E-1 
-3.4175641 -1.6033072 9.87030E-1 
-2.7319188 -1.5144701 1.09236548 
-1.9586376 -1.4155135 1.25351203 
-1.2235657 -1.2714585 1.42806744 
-6.5256E-1 -1.0649052 1.56146795 
-3.8510E-1 -8.2951E-1 1.60991914 
-5.4861E-1 -6.3886E-1 1.56048914 
-1.1895326 -5.6625E-1 1.43390555 
-2.2118376 -6.4325E-1 1.27251927 
-3.3830341 -8.3575E-1 1.12360993 
-4.4207118 -1.0462346 1.02603106 
-5.1158604 -1.1440288 1.00329896 
-5.4186188 -1.0185876 1.05987521 
-5.4305808 -6.3323E-1 1.18094735 
-5.3109486 -4.5903E-2 1.33816044 
-5.1667754 6.18011E-1 1.50055781 
-5.0061445 1.21970655 1.64723038 
-4.7792035 1.64758916 1.77258326 
-4.4606012 1.82490203 1.87921531 
-4.1001387 1.70228709 1.96404946 
-3.8045263 1.26534096 2.00952379 
-3.6716426 5.60921E-1 1.99090393 
-3.7272020 -2.8438E-1 1.89752784 
-3.9014999 -1.0865991 1.75014615 
-4.0526525 -1.6704407 1.59660821 
-4.0210177 -1.9444566 1.48724784 
-3.6929195 -1.9350055 1.44927323 
-3.0506915 -1.7539472 1.47881100 
-2.1859631 -1.5221510 1.55233941 
-1.2657130 -1.3044138 1.64270572 
-4.6942E-1 -1.1004738 1.72613356 
6.50573E-2 -8.8823E-1 1.77980733 
2.60214E-1 -6.7493E-1 1.78099231 
8.91112E-2 -5.1105E-1 1.71508040 
-4.3240E-1 -4.5772E-1 1.58699508 
-1.2333747 -5.3668E-1 1.42500616 
-2.1700776 -7.0202E-1 1.27070217 
-3.0389222 -8.5213E-1 1.16132859 
-3.6382456 -8.7195E-1 1.11620784 
-3.8537510 -6.8208E-1 1.13464968 
-3.7099121 -2.7312E-1 1.20397562 
-3.3429618 2.88053E-1 1.30649754 
-2.9121276 8.80518E-1 1.42147931 
-2.5138886 1.37041797 1.52686066 
-2.1595946 1.65218547 1.60371734 
-1.8224454 1.67155368 1.64200625 
-1.5026328 1.42526516 1.64138993 
-1.2511667 9.47832E-1 1.60482305 
-1.1338093 3.02599E-1 1.53171523 
-1.1678021 -4.1726E-1 1.41941982 
-1.2838960 -1.0895966 1.27378880 
-1.3439235 -1.5840594 1.11826876 
-1.2033836 -1.8063195 9.89293E-1 
-7.8108E-1 -1.7426604 9.18450E-1 
-9.8171E-2 -1.4703273 9.13800E-1 
7.29196E-1 -1.1168712 9.54787E-1 
1.53398286 -7.9316E-1 1.00443693 
2.15458950 -5.4788E-1 1.02908736 
2.47845679 -3.7240E-1 1.01104236 
2.45992349 -2.4318E-1 9.48066E-1 
2.11508333 -1.5943E-1 8.45308E-1 
1.50622774 -1.4385E-1 7.11472E-1 
7.29909E-1 -2.0911E-1 5.61811E-1 
-8.7445E-2 -3.2265E-1 4.20989E-1 
-7.9646E-1 -4.0229E-1 3.17105E-1 
-1.2502300 -3.5026E-1 2.69313E-1 
-1.3514693 -1.0490E-1 2.79688E-1 
-1.0993106 3.22663E-1 3.34384E-1 
-5.9883E-1 8.48489E-1 4.11841E-1 
-1.5071E-2 1.34911549 4.90429E-1 
5.05321E-1 1.70706336 5.51392E-1 
8.92751E-1 1.84464571 5.79568E-1 
1.15560831 1.73543734 5.65148E-1 
1.33270165 1.39818059 5.06425E-1 
1.44432309 8.83888E-1 4.10115E-1 
1.48412942 2.66052E-1 2.88041E-1 
1.45362234 -3.6528E-1 1.52479E-1 
1.40219487 -9.1020E-1 1.43795E-2 
1.43112090 -1.2734129 -1.1434E-1 
1.64998139 -1.3893487 -2.1898E-1 
2.11273408 -1.2499192 -2.8531E-1 
2.77691773 -9.1744E-1 -3.0772E-1 
3.51287748 -5.0579E-1 -2.9641E-1 
4.15536094 -1.3446E-1 -2.7656E-1 
4.56437178 1.19868E-1 -2.7777E-1 
4.66330089 2.44372E-1 -3.1997E-1 
4.44455613 2.73116E-1 -4.0568E-1 
3.95424835 2.50042E-1 -5.2271E-1 
3.27421027 2.02392E-1 -6.5207E-1 
2.51079791 1.43084E-1 -7.7471E-1 
1.78747953 9.33755E-2 -8.7426E-1 
1.23221692 9.92162E-2 -9.3700E-1 
9.53213E-1 2.20222E-1 -9.5285E-1 
1.00608451 4.94255E-1 -9.1991E-1 
1.36677874 9.03196E-1 -8.4866E-1 
1.92931649 1.36626014 -7.6105E-1 
2.53882578 1.76793462 -6.8395E-1 
3.04912805 2.00285390 -6.3977E-1 
3.37560997 2.01077894 -6.4045E-1 
3.51425633 1.78676865 -6.8621E-1 
3.51931734 1.36999531 -7.6891E-1 
3.45982526 8.26052E-1 -8.7660E-1 
3.38746358 2.34245E-1 -9.9644E-1 
3.33496599 -3.1918E-1 -1.1163260 
3.33669532 -7.4806E-1 -1.2254382 
3.44339790 -9.7996E-1 -1.3142989 
3.70850134 -9.7641E-1 -1.3752663 
4.14994204 -7.5144E-1 -1.4040006 
4.71665449 -3.7554E-1 -1.4021427 
5.28946843 4.32069E-2 -1.3799653 
5.72142264 3.95386E-1 -1.3559763 
5.89363496 6.08293E-1 -1.3513466 
5.75431853 6.66728E-1 -1.3807049 
5.32441069 6.07431E-1 -1.4451812 
4.67813771 4.93141E-1 -1.5321576 
3.91809798 3.83262E-1 -1.6215746 
3.15816269 3.17961E-1 -1.6943076 
2.51350744 3.20497E-1 -1.7373666 
2.08846739 4.08244E-1 -1.7438451 
1.95564064 5.96618E-1 -1.7109110 
2.13051595 8.87882E-1 -1.6400721 
2.55570482 1.25268508 -1.5404385 
3.10927574 1.62230848 -1.4308560 
3.64063980 1.90373875 -1.3368307 
4.02046760 2.01216206 -1.2820304 
4.18182613 1.90216489 -1.2782058 
4.13421375 1.58108751 -1.3207131 
3.94705661 1.10105148 -1.3926629 
3.71450293 5.40373E-1 -1.4741352 
3.52089687 -1.4157E-2 -1.5499790 
3.42243053 -4.7905E-1 -1.6120458 
3.44779448 -7.8306E-1 -1.6564816 
3.60764351 -8.7869E-1 -1.6807666 
3.89813735 -7.5658E-1 -1.6827624 
4.29211804 -4.5602E-1 -1.6622493 
4.72615900 -6.0556E-2 -1.6229936 
5.10021172 3.24007E-1 -1.5739051 
5.29995341 6.03186E-1 -1.5279745 
5.23473960 7.23918E-1 -1.4986604 
4.87135193 6.87966E-1 -1.4947304 
4.24599728 5.44602E-1 -1.5157029 
3.45179260 3.67713E-1 -1.5507062 
2.61242656 2.29213E-1 -1.5819833 
1.85554133 1.79437E-1 -1.5914529 
1.29233222 2.40101E-1 -1.5670401 
1.00149732 4.08037E-1 -1.5053520 
1.01378216 6.62903E-1 -1.4107537 
1.29902272 9.71346E-1 -1.2930196 
1.76438935 1.28630818 -1.1657206 
2.27257870 1.54705600 -1.0456500 
2.67923892 1.68702956 -9.5072E-1 
2.87668975 1.65105749 -8.9496E-1 
2.82559340 1.41550190 -8.8221E-1 
2.56192746 1.00057920 -9.0325E-1 
2.17867042 4.68599E-1 -9.3913E-1 
1.79216515 -9.0832E-2 -9.6924E-1 
1.50713972 -5.8207E-1 -9.7936E-1 
1.39190626 -9.2370E-1 -9.6506E-1 
1.46883439 -1.0638030 -9.2988E-1 
1.71793028 -9.8960E-1 -8.8079E-1 
2.08682521 -7.3186E-1 -8.2452E-1 
2.50020034 -3.6112E-1 -7.6630E-1 
2.86673031 2.64171E-2 -7.1060E-1 
3.08758915 3.33119E-1 -6.6192E-1 
3.07180185 4.87854E-1 -6.2404E-1 
2.75888073 4.67071E-1 -5.9823E-1 
2.14162843 3.00924E-1 -5.8142E-1 
1.27932485 6.15975E-2 -5.6560E-1 
2.93369E-1 -1.6071E-1 -5.3943E-1 
-6.5516E-1 -2.8541E-1 -4.9162E-1 
-1.3997932 -2.6363E-1 -4.1540E-1 
-1.8054421 -8.8596E-2 -3.1236E-1 
-1.7985598 2.07391E-1 -1.9379E-1 
-1.3843612 5.65404E-1 -7.9948E-2 
-6.4735E-1 9.14999E-1 3.00811E-3 
2.63942E-1 1.18677134 2.84309E-2 
1.16975606 1.32084874 -2.3998E-2 
1.89693986 1.27360480 -1.6048E-1 
2.31671068 1.02575017 -3.6778E-1 
2.37140109 5.91205E-1 -6.1354E-1 
2.08195285 2.37928E-2 -8.5227E-1 
1.53500243 -5.8402E-1 -1.0356659 
8.54457E-1 -1.1147024 -1.1237328 
1.66972E-1 -1.4512154 -1.0928000 
-4.2782E-1 -1.5083597 -9.3804E-1 
-8.7318E-1 -1.2592800 -6.7130E-1 
-1.1563995 -7.4692E-1 -3.1760E-1 
-1.2992670 -7.4837E-2 8.87540E-2 
-1.3461497 6.18429E-1 5.07144E-1 
-1.3551659 1.19200880 8.94027E-1 
-1.3916230 1.53238944 1.20747061 
-1.5201607 1.57406926 1.41360961 
-1.7914315 1.30943126 1.49516955 
-2.2241036 7.88678E-1 1.45711677 
-2.7885611 1.10425E-1 1.32694614 
-3.4015866 -5.9645E-1 1.14885753 
-3.9398771 -1.1991744 9.73492E-1 
-4.2733182 -1.5910318 8.45707E-1 
-4.3081331 -1.7161577 7.95311E-1 
-4.0229957 -1.5799134 8.32653E-1 
-3.4803725 -1.2416663 9.48651E-1 
-2.8080368 -7.9372E-1 1.11816424 
-2.1603642 -3.3743E-1 1.30568226 
-1.6783587 3.54910E-2 1.47233363 
-1.4626196 2.54591E-1 1.58466087 
-1.5615958 2.78230E-1 1.62258172 
-1.9695032 1.00520E-1 1.58388487 
-2.6279262 -2.4310E-1 1.48375965 
-3.4308823 -6.7542E-1 1.35088096 
-4.2383949 -1.0873511 1.22013058 
-4.9021901 -1.3614217 1.12425024 
-5.3010426 -1.4053491 1.08716617 
-5.3741031 -1.1842187 1.11967668 
-5.1370275 -7.3649E-1 1.21856575 
-4.6726888 -1.6312E-1 1.36841031 
-4.1015484 4.05051E-1 1.54428824 
-3.5473412 8.46117E-1 1.71634187 
-3.1127572 1.07505636 1.85486352 
-2.8686196 1.05407316 1.93582358 
-2.8500519 7.90207E-1 1.94627974 
-3.0520577 3.28516E-1 1.88718264 
-3.4233092 -2.5353E-1 1.77365782 
-3.8649098 -8.5358E-1 1.63266636 
-4.2432949 -1.3590992 1.49763088 
-4.4211641 -1.6712774 1.40015920 
-4.3004803 -1.7324488 1.36184719 
-3.8603529 -1.5451291 1.38854463 
-3.1703931 -1.1721429 1.46951964 
-2.3699763 -7.1491E-1 1.58136467 
-1.6220210 -2.8165E-1 1.69441124 
-1.0648363 4.00467E-2 1.78003107 
-7.8305E-1 1.96942E-1 1.81727200 
-8.0260E-1 1.71320E-1 1.79676345 
-1.0999729 -2.1947E-2 1.72128676 
-1.6122141 -3.3749E-1 1.60422812 
-2.2423558 -7.0093E-1 1.46685807 
-2.8656161 -1.0167884 1.33479254 
-3.3461625 -1.1878210 1.23328507 
-3.5677499 -1.1437211 1.18154323 
-3.4699235 -8.6879E-1 1.18828933 
-3.0717024 -4.1356E-1 1.25019347 
-2.4676573 1.18422E-1 1.35180249 
-1.7962330 6.03846E-1 1.46796582 
-1.1951597 9.37425E-1 1.56960025 
-7.6582E-1 1.05717528 1.63057353 
-5.5875E-1 9.49894E-1 1.63426088 
-5.7694E-1 6.42461E-1 1.57734111 
-7.8452E-1 1.89438E-1 1.46908543 
-1.1120435 -3.3474E-1 1.32807854 
-1.4601294 -8.4105E-1 1.17821326 
-1.7105015 -1.2351055 1.04432496 
-1.7514938 -1.4355143 9.47446E-1 
-1.5140983 -1.3983448 9.00656E-1 
-1.0027678 -1.1365477 9.05536E-1 
-3.0264E-1 -7.2103E-1 9.50797E-1 
4.44592E-1 -2.5912E-1 1.01443224 
1.08640151 1.39803E-1 1.06951207 
1.50455910 3.95630E-1 1.09157639 
1.64047446 4.72578E-1 1.06559640 
1.49609584 3.77185E-1 9.89064E-1 
1.11973597 1.47537E-1 8.70953E-1 
5.90578E-1 -1.5698E-1 7.28236E-1 
8.96827E-3 -4.6219E-1 5.81959E-1 
-5.1080E-1 -6.8674E-1 4.53504E-1 
-8.5390E-1 -7.5675E-1 3.60534E-1 
-9.2962E-1 -6.2756E-1 3.14232E-1 
-7.0176E-1 -3.0461E-1 3.17659E-1 
-2.0903E-1 1.50526E-1 3.63973E-1 
4.40242E-1 6.35041E-1 4.36287E-1 
1.10087580 1.03670339 5.10088E-1 
1.63725545 1.26774259 5.58467E-1 
1.96118909 1.28573248 5.59798E-1 
2.04649134 1.09602144 5.04423E-1 
1.92169813 7.40625E-1 3.96773E-1 
1.65281696 2.84190E-1 2.53011E-1 
1.32794550 -1.9633E-1 9.55684E-2 
1.04635738 -6.1873E-1 -5.2882E-2 
9.06259E-1 -9.0438E-1 -1.7374E-1 
9.85154E-1 -9.9296E-1 -2.5478E-1 
1.31454481 -8.6144E-1 -2.9131E-1 
1.86069403 -5.3863E-1 -2.8723E-1 
2.52528247 -1.0317E-1 -2.5533E-1 
3.17136171 3.37461E-1 -2.1573E-1 
3.66504716 6.80343E-1 -1.9144E-1 
3.91376735 8.57250E-1 -2.0172E-1 
3.88554461 8.49053E-1 -2.5632E-1 
3.60630836 6.82103E-1 -3.5289E-1 
3.14400627 4.13313E-1 -4.7867E-1 
2.59135715 1.14390E-1 -6.1502E-1 
2.05299394 -1.4016E-1 -7.4240E-1 
1.63470176 -2.8277E-1 -8.4396E-1 
1.42879441 -2.6413E-1 -9.0730E-1 
1.49306933 -6.7263E-2 -9.2596E-1 
1.82897801 2.81525E-1 -9.0133E-1 
2.37131367 7.12899E-1 -8.4389E-1 
3.00013267 1.13025222 -7.7287E-1 
3.57459681 1.43713532 -7.1281E-1 
3.97556575 1.56468861 -6.8717E-1 
4.13832375 1.48765869 -7.1082E-1 
4.06342303 1.22516427 -7.8527E-1 
3.80628972 8.29739E-1 -8.9921E-1 
3.45584796 3.73412E-1 -1.0330940 
3.11289936 -6.4379E-2 -1.1655661 
2.87301281 -4.0664E-1 -1.2785377 
2.81212663 -5.8934E-1 -1.3595466 
2.97166848 -5.7450E-1 -1.4023535 
3.34462396 -3.6364E-1 -1.4071369 
3.86939884 -4.0951E-3 -1.3807033 
4.43939590 4.18733E-1 -1.3364703 
4.92924657 8.03448E-1 -1.2928412 
5.22917998 1.06211719 -1.2688956 
5.27399174 1.14471080 -1.2786254 
5.05616678 1.04946771 -1.3260905 
4.62149148 8.17804E-1 -1.4043702 
4.05374815 5.18758E-1 -1.4986120 
3.45670434 2.31070E-1 -1.5910956 
2.93776461 2.73653E-2 -1.6657566 
2.59270282 -3.8337E-2 -1.7107259 
2.48912390 5.95058E-2 -1.7190690 
2.64929467 3.10789E-1 -1.6892737 
3.03811014 6.68675E-1 -1.6262849 
3.56458086 1.05715466 -1.5423947 
4.10188297 1.38826782 -1.4566325 
4.52146987 1.58452204 -1.3910624 
4.72890122 1.59847793 -1.3639973 
4.68788728 1.42306520 -1.3832530 
4.42510667 1.09036861 -1.4432519 
4.01743422 6.61854E-1 -1.5276686 
3.56926110 2.15205E-1 -1.6156548 
3.18800992 -1.6928E-1 -1.6884545 
2.96265299 -4.2165E-1 -1.7333750 
2.94702941 -4.9481E-1 -1.7446117 
3.14871771 -3.7591E-1 -1.7225240 
3.52540629 -9.3328E-2 -1.6725699 
3.99138785 2.86144E-1 -1.6046900 
4.43515459 6.71615E-1 -1.5326826 
4.74500059 9.71580E-1 -1.4719289 
4.83565107 1.11862681 -1.4356088 
4.66789002 1.08643958 -1.4305986 
4.25606882 8.94369E-1 -1.4547669 
3.66311256 5.99289E-1 -1.4975800 
2.98670663 2.79643E-1 -1.5433773 
2.34083841 1.67148E-2 -1.5757979 
1.83548688 -1.2309E-1 -1.5817279 
1.55605709 -1.0214E-1 -1.5535651 
1.54460250 8.01714E-2 -1.4900643 
1.78699942 3.86827E-1 -1.3963474 
2.21159669 7.50825E-1 -1.2834854 
2.70311485 1.08990759 -1.1676331 
3.13009328 1.32527163 -1.0675482 
3.37823530 1.39923273 -9.9977E-1 
3.37901590 1.28744988 -9.7298E-1 
3.12501769 1.00349437 -9.8451E-1 
2.66900685 5.95311E-1 -1.0211067 
2.10922975 1.35992E-1 -1.0633507 
1.56593031 -2.8964E-1 -1.0918587 
1.15437331 -6.0097E-1 -1.0925334 
9.59247E-1 -7.3807E-1 -1.0591177 
1.01524967 -6.7602E-1 -9.9322E-1 
1.29834313 -4.3332E-1 -9.0284E-1 
1.73047974 -6.9935E-2 -8.0036E-1 
2.19700302 3.25736E-1 -7.0041E-1 
2.57209269 6.58492E-1 -6.1707E-1 
2.74576448 8.50193E-1 -5.6055E-1 
2.64634730 8.58538E-1 -5.3424E-1 
2.25461350 6.86207E-1 -5.3307E-1 
1.60825035 3.78856E-1 -5.4447E-1 
7.97390E-1 1.38029E-2 -5.5152E-1 
-4.8652E-2 -3.1748E-1 -5.3789E-1 
-7.8275E-1 -5.3031E-1 -4.9219E-1 
-1.2677358 -5.6716E-1 -4.1137E-1 
-1.4060789 -4.1280E-1 -3.0211E-1 
-1.1645266 -9.9451E-2 -1.8015E-1 
-5.8536E-1 3.00803E-1 -6.8656E-2 
2.20754E-1 6.93722E-1 5.15933E-3 
1.09828132 9.85614E-1 1.52916E-2 
1.88245289 1.10397688 -5.6420E-2 
2.43188023 1.01144672 -2.1305E-1 
2.65419848 7.12290E-1 -4.3818E-1 
2.52013460 2.51782E-1 -6.9706E-1 
2.06484698 -2.8931E-1 -9.4303E-1 
1.37796139 -8.0590E-1 -1.1275037 
5.83530E-1 -1.1862517 -1.2104423 
-1.8778E-1 -1.3354946 -1.1677891 
-8.2839E-1 -1.2003876 -9.9371E-1 
-1.2764909 -7.8775E-1 -6.9930E-1 
-1.5256115 -1.6752E-1 -3.1039E-1 
-1.6179290 5.41945E-1 1.34476E-1 
-1.6260037 1.20209991 5.86754E-1 
-1.6312247 1.68552538 9.93690E-1 
-1.7051178 1.90075302 1.30746550 
-1.8965386 1.80570094 1.49589386 
-2.2229464 1.41095571 1.55034068 
-2.6642661 7.76061E-1 1.48707811 
-3.1607364 1.60351E-3 1.34215691 
-3.6191695 -7.8439E-1 1.16241740 
-3.9316798 -1.4480168 9.95277E-1 
-4.0059708 -1.8778618 8.79392E-1 
-3.7976573 -2.0131160 8.38246E-1 
-3.3312342 -1.8599864 8.77473E-1 
-2.6978182 -1.4883713 9.85291E-1 
-2.0304580 -1.0084791 1.13609984 
-1.4682656 -5.3878E-1 1.29668642 
-1.1251438 -1.7804E-1 1.43347977 
-1.0726398 1.10597E-2 1.51963372 
-1.3357245 7.36241E-3 1.53996611 
-1.8942985 -1.6934E-1 1.49337554 
-2.6843845 -4.6237E-1 1.39327134 
-3.5998197 -7.8575E-1 1.26606198 
-4.5006279 -1.0390886 1.14568789 
-5.2349153 -1.1307386 1.06587450 
-5.6746040 -1.0049362 1.05148692 
-5.7539167 -6.6276E-1 1.11251778 
-5.4923477 -1.6518E-1 1.24302200 
-4.9883121 3.84396E-1 1.42280094 
-4.3847843 8.70821E-1 1.62074053 
-3.8240520 1.19701850 1.80096967 
-3.4125989 1.30174700 1.93096032 
-3.2062322 1.16351988 1.98960728 
-3.2111506 7.97017E-1 1.97226653 
-3.3904230 2.48671E-1 1.89073235 
-3.6699152 -4.0537E-1 1.76847431 
-3.9465733 -1.0635838 1.63440261 
-4.1057984 -1.6117928 1.51685815 
-4.0498154 -1.9474281 1.43857156 
-3.7297405 -2.0097643 1.41264798 
-3.1669947 -1.8030733 1.44000098 
-2.4514820 -1.3991358 1.50904883 
-1.7146930 -9.1343E-1 1.59860224 
-1.0906224 -4.6686E-1 1.68347394 
-6.8271E-1 -1.5093E-1 1.74078849 
-5.4846E-1 -1.0464E-2 1.75516590 
-7.0030E-1 -4.4562E-2 1.72048958 
-1.1124407 -2.1670E-1 1.63948736 
-1.7247193 -4.6553E-1 1.52336792 
-2.4423969 -7.1344E-1 1.39165787 
-3.1395076 -8.7784E-1 1.27004258 
-3.6752881 -8.8884E-1 1.18518368 
-3.9271422 -7.1081E-1 1.15674564 
-3.8312181 -3.5862E-1 1.19191555 
-3.4103349 1.02377E-1 1.28362599 
-2.7713501 5.74446E-1 1.41092961 
-2.0695509 9.56620E-1 1.54320299 
-1.4557420 1.17144568 1.64735774 
-1.0324735 1.17884027 1.69666127 
-8.3656E-1 9.76090E-1 1.67823362 
-8.4669E-1 5.90190E-1 1.59605201 
-1.0016397 7.13689E-2 1.46804415 
-1.2167596 -5.0940E-1 1.31922887 
-1.3958869 -1.0628371 1.17475881 
-1.4449645 -1.4908633 1.05499165 
-1.2925188 -1.7073280 9.73269E-1 
-9.1349E-1 -1.6656639 9.35229E-1 
-3.4441E-1 -1.3812255 9.37974E-1 
3.21542E-1 -9.3318E-1 9.69952E-1 
9.60815E-1 -4.4047E-1 1.01263775 
1.45565318 -2.2106E-2 1.04448852 
1.72345711 2.39521E-1 1.04684845 
1.72889926 3.16338E-1 1.00881975 
1.48051001 2.30475E-1 9.28698E-1 
1.02107471 3.73366E-2 8.13181E-1 
4.20939E-1 -1.9237E-1 6.75945E-1 
-2.2438E-1 -3.8548E-1 5.36255E-1 
-7.9863E-1 -4.7634E-1 4.15864E-1 
-1.1800162 -4.1826E-1 3.34333E-1 
-1.2708060 -1.9720E-1 3.04909E-1 
-1.0326598 1.58942E-1 3.30279E-1 
-5.0975E-1 5.82800E-1 4.00258E-1 
1.77565E-1 9.84327E-1 4.92533E-1 
8.70577E-1 1.27631868 5.77142E-1 
1.42544753 1.39713746 6.24183E-1 
1.75619982 1.32178335 6.13031E-1 
1.85004289 1.06056844 5.38725E-1 
1.75563736 6.50693E-1 4.12356E-1 
1.55756584 1.48791E-1 2.56175E-1 
1.35174095 -3.7342E-1 9.55942E-2 
1.22803433 -8.3330E-1 -4.7925E-2 
1.25758449 -1.1469712 -1.6040E-1 
1.48007886 -1.2477403 -2.3543E-1 
1.89137458 -1.1093519 -2.7312E-1 
2.43786752 -7.6321E-1 -2.7937E-1 
3.02504758 -2.9595E-1 -2.6562E-1 
3.54110120 1.75241E-1 -2.4763E-1 
3.88702513 5.40711E-1 -2.4252E-1 
4.00053729 7.32254E-1 -2.6424E-1 
3.86558153 7.38225E-1 -3.2000E-1 
3.50829748 5.97314E-1 -4.0857E-1 
2.98712221 3.78544E-1 -5.2082E-1 
2.38418793 1.59523E-1 -6.4226E-1 
1.79920447 9.76579E-3 -7.5600E-1 
1.34088506 -2.0136E-2 -8.4542E-1 
1.10970580 9.39931E-2 -8.9663E-1 
1.17121350 3.44297E-1 -9.0186E-1 
1.52864217 6.89873E-1 -8.6272E-1 
2.11027894 1.06299157 -7.9187E-1 
2.78388205 1.38413327 -7.1210E-1 
3.39660772 1.58182203 -6.5124E-1 
3.82395105 1.60977409 -6.3396E-1 
4.00572090 1.45553375 -6.7327E-1 
3.95550696 1.13925411 -7.6611E-1 
3.74490921 7.06492E-1 -8.9541E-1 
3.47477037 2.20350E-1 -1.0371395 
3.24670988 -2.4529E-1 -1.1688370 
3.14235022 -6.1314E-1 -1.2750551 
3.21070213 -8.1401E-1 -1.3483836 
3.46121558 -8.0362E-1 -1.3879271 
3.86153087 -5.8041E-1 -1.3974908 
4.34194233 -1.9452E-1 -1.3845229 
4.80854719 2.60845E-1 -1.3599918 
5.16385791 6.75546E-1 -1.3372869 
5.32933922 9.56762E-1 -1.3295191 
5.26264150 1.05639564 -1.3460546 
4.96447233 9.80905E-1 -1.3896467 
4.47567500 7.82637E-1 -1.4555544 
3.86860315 5.39121E-1 -1.5331161 
3.23683701 3.30359E-1 -1.6085208 
2.68416178 2.20323E-1 -1.6675496 
2.31038299 2.45340E-1 -1.6979606 
2.19163050 4.08989E-1 -1.6915871 
2.35757474 6.82928E-1 -1.6466325 
2.77429976 1.01301840 -1.5695310 
3.34414857 1.33016099 -1.4756095 
3.92882331 1.56474117 -1.3870617 
4.38959764 1.66139168 -1.3277159 
4.62876637 1.59025122 -1.3151782 
4.61567499 1.35223771 -1.3540057 
4.38894736 9.77631E-1 -1.4337300 
4.03784139 5.20484E-1 -1.5331637 
3.67289532 5.07199E-2 -1.6285016 
3.39663490 -3.5526E-1 -1.7010110 
3.28117566 -6.2600E-1 -1.7407551 
3.35547738 -7.0907E-1 -1.7463021 
3.60244519 -5.8608E-1 -1.7222187 
