lumen_inlet lumen_outlet lumen_wall 
1.249455E1 1.249056E1 3.765934E2 

-1.2966852 2.501694E2 -2.48872E2 
-1.4028263 5.832582E1 -5.69230E1 
-1.3144601 5.175524E1 -5.04407E1 
-1.0800156 6.113101E1 -6.00510E1 
-7.9866E-1 5.725387E1 -5.64553E1 
-5.9878E-1 5.823167E1 -5.76328E1 
-6.0882E-1 5.725406E1 -5.66452E1 
-9.2693E-1 5.795766E1 -5.70307E1 
-1.5965763 5.808969E1 -5.64931E1 
-2.5938981 5.896550E1 -5.63716E1 
-3.8303086 5.811446E1 -5.42841E1 
-5.1703593 5.720729E1 -5.20369E1 
-6.4613836 5.699680E1 -5.05354E1 
-7.5685481 5.775262E1 -5.01840E1 
-8.4074094 5.819714E1 -4.97897E1 
-8.9662807 5.812439E1 -4.91581E1 
-9.3126940 5.809583E1 -4.87831E1 
-9.5816276 5.770513E1 -4.81235E1 
-9.9472481 5.693772E1 -4.69904E1 
-1.05838E1 5.697419E1 -4.63903E1 
-1.16241E1 5.799481E1 -4.63707E1 
-1.31251E1 5.832056E1 -4.51954E1 
-1.50489E1 5.731102E1 -4.22621E1 
-1.72647E1 5.607455E1 -3.88098E1 
-1.95725E1 5.490181E1 -3.53292E1 
-2.17452E1 5.309840E1 -3.13531E1 
-2.35793E1 5.079437E1 -2.72150E1 
-2.49457E1 4.916558E1 -2.42198E1 
-2.58264E1 4.951280E1 -2.36863E1 
-2.63295E1 5.248203E1 -2.61525E1 
-2.66759E1 5.729483E1 -3.06189E1 
-2.71593E1 6.105991E1 -3.39005E1 
-2.80844E1 6.017509E1 -3.20906E1 
-2.96960E1 5.473340E1 -2.50373E1 
-3.21125E1 5.017417E1 -1.80616E1 
-3.52784E1 5.144760E1 -1.61691E1 
-3.89485E1 5.663008E1 -1.76815E1 
-4.27087E1 5.932673E1 -1.66180E1 
-4.60338E1 5.693337E1 -1.08995E1 
-4.83736E1 5.355520E1 -5.1815827 
-4.92535E1 5.388593E1 -4.6324341 
-4.83710E1 5.674862E1 -8.3775731 
-4.56708E1 5.742464E1 -1.17537E1 
-4.13818E1 5.521558E1 -1.38337E1 
-3.60077E1 5.419232E1 -1.81845E1 
-3.02707E1 5.601974E1 -2.57490E1 
-2.50140E1 5.732031E1 -3.23062E1 
-2.10807E1 5.590335E1 -3.48225E1 
-1.91869E1 5.435061E1 -3.51636E1 
-1.98114E1 5.489468E1 -3.50832E1 
-2.31214E1 5.557015E1 -3.24487E1 
-2.89459E1 5.419312E1 -2.52472E1 
-3.68020E1 5.196967E1 -1.51676E1 
-4.59699E1 5.072242E1 -4.7525065 
-5.56026E1 5.025650E1 5.34617988 
-6.48531E1 5.034705E1 1.450608E1 
-7.29954E1 5.189804E1 2.109737E1 
-7.95218E1 5.464442E1 2.487743E1 
-8.41998E1 5.651354E1 2.768628E1 
-8.70809E1 5.613450E1 3.094647E1 
-8.84639E1 5.403723E1 3.442674E1 
-8.88198E1 5.162572E1 3.719412E1 
-8.86951E1 5.051776E1 3.817734E1 
-8.86113E1 5.192923E1 3.668215E1 
-8.89792E1 5.527740E1 3.370181E1 
-9.00403E1 5.815598E1 3.188438E1 
-9.18467E1 5.863271E1 3.321407E1 
-9.42767E1 5.720343E1 3.707334E1 
-9.70822E1 5.613266E1 4.094960E1 
-9.99552E1 5.699791E1 4.295735E1 
-1.02598E2 5.898060E1 4.361837E1 
-1.04789E2 5.985781E1 4.493143E1 
-1.06415E2 5.875313E1 4.766190E1 
-1.07491E2 5.716722E1 5.032412E1 
-1.08144E2 5.690731E1 5.123720E1 
-1.08575E2 5.779887E1 5.077617E1 
-1.09007E2 5.811289E1 5.089464E1 
-1.09639E2 5.690181E1 5.273750E1 
-1.10598E2 5.516177E1 5.543685E1 
-1.11920E2 5.443614E1 5.748482E1 
-1.13547E2 5.487503E1 5.867201E1 
-1.15341E2 5.542020E1 5.992162E1 
-1.17128E2 5.563676E1 6.149215E1 
-1.18732E2 5.628167E1 6.245045E1 
-1.20014E2 5.781242E1 6.220213E1 
-1.20906E2 5.932113E1 6.158571E1 
-1.21418E2 5.957629E1 6.184268E1 
-1.21633E2 5.852358E1 6.311022E1 
-1.21684E2 5.715536E1 6.452931E1 
-1.21722E2 5.640184E1 6.532103E1 
-1.21882E2 5.675879E1 6.512380E1 
-1.22251E2 5.845464E1 6.379664E1 
-1.22851E2 6.109363E1 6.175814E1 
-1.23639E2 6.334309E1 6.029661E1 
-1.24516E2 6.387483E1 6.064129E1 
-1.25351E2 6.279722E1 6.255469E1 
-1.26018E2 6.161347E1 6.440469E1 
-1.26415E2 6.162435E1 6.479091E1 
-1.26494E2 6.269868E1 6.379580E1 
-1.26267E2 6.362434E1 6.264292E1 
-1.25800E2 6.339619E1 6.240438E1 
-1.25199E2 6.213002E1 6.306992E1 
-1.24584E2 6.086799E1 6.371625E1 
-1.24058E2 6.051191E1 6.354629E1 
-1.23689E2 6.091563E1 6.277340E1 
-1.23492E2 6.113951E1 6.235268E1 
-1.23429E2 6.063121E1 6.279812E1 
-1.23418E2 5.990764E1 6.351093E1 
-1.23354E2 5.991450E1 6.343990E1 
-1.23132E2 6.093397E1 6.219850E1 
-1.22673E2 6.234501E1 6.032855E1 
-1.21941E2 6.334391E1 5.859729E1 
-1.20949E2 6.365324E1 5.729603E1 
-1.19757E2 6.349026E1 5.626757E1 
-1.18458E2 6.308939E1 5.536916E1 
-1.17153E2 6.253915E1 5.461417E1 
-1.15930E2 6.209229E1 5.383850E1 
-1.14846E2 6.231363E1 5.253295E1 
-1.13911E2 6.361016E1 5.030111E1 
-1.13089E2 6.563768E1 4.745141E1 
-1.12307E2 6.740740E1 4.489971E1 
-1.11472E2 6.809054E1 4.338230E1 
-1.10496E2 6.765536E1 4.284072E1 
-1.09309E2 6.673283E1 4.257710E1 
-1.07886E2 6.602091E1 4.186517E1 
-1.06241E2 6.584845E1 4.039261E1 
-1.04432E2 6.608611E1 3.834611E1 
-1.02544E2 6.628414E1 3.626013E1 
-1.00669E2 6.598702E1 3.468277E1 
-9.88881E1 6.512857E1 3.375960E1 
-9.72477E1 6.415843E1 3.308935E1 
-9.57555E1 6.365961E1 3.209596E1 
-9.43761E1 6.378653E1 3.058962E1 
-9.30408E1 6.415255E1 2.888827E1 
-9.16640E1 6.431368E1 2.735037E1 
-9.01637E1 6.427687E1 2.588686E1 
-8.84805E1 6.443204E1 2.404846E1 
-8.65917E1 6.502550E1 2.156620E1 
-8.45167E1 6.581822E1 1.869854E1 
-8.23128E1 6.629097E1 1.602186E1 
-8.00617E1 6.613197E1 1.392981E1 
-7.78516E1 6.550945E1 1.234219E1 
-7.57565E1 6.491768E1 1.083885E1 
-7.38201E1 6.479790E1 9.02225426 
-7.20460E1 6.528829E1 6.75780132 
-7.03976E1 6.626066E1 4.13698727 
-6.88068E1 6.747593E1 1.33093547 
-6.71907E1 6.862087E1 -1.4301348 
-6.54709E1 6.927522E1 -3.8042713 
-6.35924E1 6.907484E1 -5.4824352 
-6.15364E1 6.806407E1 -6.5276176 
-5.93256E1 6.681225E1 -7.4866304 
-5.70188E1 6.601253E1 -8.9936498 
-5.46984E1 6.589854E1 -1.12000E1 
-5.24511E1 6.608401E1 -1.36328E1 
-5.03488E1 6.598110E1 -1.56322E1 
-4.84320E1 6.534907E1 -1.69170E1 
-4.67008E1 6.445359E1 -1.77527E1 
-4.51154E1 6.376913E1 -1.86536E1 
-4.36054E1 6.357713E1 -1.99716E1 
-4.20865E1 6.380468E1 -2.17180E1 
-4.04805E1 6.415824E1 -2.36776E1 
-3.87339E1 6.437677E1 -2.56428E1 
-3.68307E1 6.440562E1 -2.75748E1 
-3.47973E1 6.438674E1 -2.95893E1 
-3.26965E1 6.447909E1 -3.17825E1 
-3.06138E1 6.465457E1 -3.40407E1 
-2.86381E1 6.468289E1 -3.60447E1 
-2.68414E1 6.437407E1 -3.75326E1 
-2.52624E1 6.385377E1 -3.85913E1 
-2.38972E1 6.354747E1 -3.96501E1 
-2.27007E1 6.383647E1 -4.11356E1 
-2.15965E1 6.471145E1 -4.31149E1 
-2.04949E1 6.575679E1 -4.52618E1 
-1.93141E1 6.645384E1 -4.71396E1 
-1.79996E1 6.650410E1 -4.85044E1 
-1.65374E1 6.592767E1 -4.93902E1 
-1.49586E1 6.495556E1 -4.99969E1 
-1.33326E1 6.388365E1 -5.05510E1 
-1.17519E1 6.298155E1 -5.12296E1 
-1.03114E1 6.242362E1 -5.21121E1 
-9.0863807 6.220987E1 -5.31234E1 
-8.1145762 6.213988E1 -5.40253E1 
-7.3874831 6.192860E1 -5.45411E1 
-6.8514200 6.142923E1 -5.45778E1 
-6.4195347 6.077603E1 -5.43565E1 
-5.9916777 6.028787E1 -5.42961E1 
-5.4777542 6.019717E1 -5.47194E1 
-4.8191935 6.045216E1 -5.56329E1 
-4.0035060 6.077328E1 -5.67697E1 
-3.0683935 6.089593E1 -5.78275E1 
-2.0942273 6.076400E1 -5.86697E1 
-1.1863782 6.051412E1 -5.93277E1 
-4.5126E-1 6.030797E1 -5.98567E1 
2.84267E-2 6.019493E1 -6.02233E1 
2.13701E-1 6.011974E1 -6.03334E1 
1.19463E-1 6.003649E1 -6.01559E1 
-1.8750E-1 6.000377E1 -5.98162E1 
-6.0276E-1 6.016438E1 -5.95616E1 
-1.0076497 6.061064E1 -5.96029E1 
-1.2966852 6.123703E1 -5.99403E1 
-1.4028263 6.172109E1 -6.03182E1 
-1.3144601 6.169877E1 -6.03843E1 
-1.0800156 6.102722E1 -5.99472E1 
-7.9866E-1 5.991115E1 -5.91124E1 
-5.9878E-1 5.876795E1 -5.81691E1 
-6.0882E-1 5.794865E1 -5.73398E1 
-9.2693E-1 5.755117E1 -5.66242E1 
-1.5965763 5.744212E1 -5.58455E1 
-2.5938981 5.740644E1 -5.48125E1 
-3.8303086 5.728024E1 -5.34499E1 
-5.1703593 5.700554E1 -5.18351E1 
-6.4613836 5.663183E1 -5.01704E1 
-7.5685481 5.628823E1 -4.87196E1 
-8.4074094 5.611720E1 -4.77097E1 
-8.9662807 5.617884E1 -4.72125E1 
-9.3126940 5.639075E1 -4.70780E1 
-9.5816276 5.657181E1 -4.69901E1 
-9.9472481 5.657475E1 -4.66275E1 
-1.05838E1 5.639937E1 -4.58155E1 
-1.16241E1 5.618423E1 -4.45601E1 
-1.31251E1 5.608706E1 -4.29619E1 
-1.50489E1 5.616882E1 -4.11199E1 
-1.72647E1 5.638248E1 -3.91177E1 
-1.95725E1 5.665494E1 -3.70823E1 
-2.17452E1 5.695958E1 -3.52143E1 
-2.35793E1 5.729864E1 -3.37192E1 
-2.49457E1 5.762061E1 -3.26748E1 
-2.58264E1 5.777662E1 -3.19501E1 
-2.63295E1 5.758761E1 -3.12580E1 
-2.66759E1 5.698239E1 -3.03064E1 
-2.71593E1 5.608836E1 -2.89290E1 
-2.80844E1 5.518828E1 -2.71038E1 
-2.96960E1 5.456721E1 -2.48711E1 
-3.21125E1 5.435732E1 -2.22447E1 
-3.52784E1 5.448241E1 -1.92039E1 
-3.89485E1 5.472730E1 -1.57787E1 
-4.27087E1 5.487653E1 -1.21678E1 
-4.60338E1 5.483020E1 -8.7963995 
-4.83736E1 5.463045E1 -6.2568364 
-4.92535E1 5.440132E1 -5.1478205 
-4.83710E1 5.426105E1 -5.8899991 
-4.56708E1 5.426562E1 -8.5947517 
-4.13818E1 5.439839E1 -1.30165E1 
-3.60077E1 5.459113E1 -1.85833E1 
-3.02707E1 5.476407E1 -2.44933E1 
-2.50140E1 5.487676E1 -2.98626E1 
-2.10807E1 5.496453E1 -3.38837E1 
-1.91869E1 5.512331E1 -3.59363E1 
-1.98114E1 5.543639E1 -3.56249E1 
-2.31214E1 5.589397E1 -3.27725E1 
-2.89459E1 5.637586E1 -2.74299E1 
-3.68020E1 5.671647E1 -1.99144E1 
-4.59699E1 5.679532E1 -1.08254E1 
-5.56026E1 5.657656E1 -9.7387E-1 
-6.48531E1 5.607988E1 8.77326165 
-7.29954E1 5.533885E1 1.765656E1 
-7.95218E1 5.440681E1 2.511504E1 
-8.41998E1 5.340255E1 3.079727E1 
-8.70809E1 5.252946E1 3.455150E1 
-8.84639E1 5.201945E1 3.644453E1 
-8.88198E1 5.202547E1 3.679436E1 
-8.86951E1 5.253708E1 3.615802E1 
-8.86113E1 5.337992E1 3.523146E1 
-8.89792E1 5.430299E1 3.467622E1 
-9.00403E1 5.510070E1 3.493966E1 
-9.18467E1 5.569538E1 3.615139E1 
-9.42767E1 5.613250E1 3.814426E1 
-9.70822E1 5.650325E1 4.057901E1 
-9.99552E1 5.685972E1 4.309554E1 
-1.02598E2 5.718489E1 4.541407E1 
-1.04789E2 5.742793E1 4.736132E1 
-1.06415E2 5.756340E1 4.885163E1 
-1.07491E2 5.762475E1 4.986659E1 
-1.08144E2 5.769301E1 5.045150E1 
-1.08575E2 5.785662E1 5.071842E1 
-1.09007E2 5.816850E1 5.083904E1 
-1.09639E2 5.861657E1 5.102273E1 
-1.10598E2 5.911545E1 5.148317E1 
-1.11920E2 5.952641E1 5.239455E1 
-1.13547E2 5.970711E1 5.383993E1 
-1.15341E2 5.957255E1 5.576927E1 
-1.17128E2 5.913203E1 5.799688E1 
-1.18732E2 5.847880E1 6.025332E1 
-1.20014E2 5.774603E1 6.226851E1 
-1.20906E2 5.706750E1 6.383934E1 
-1.21418E2 5.656537E1 6.485361E1 
-1.21633E2 5.635052E1 6.528329E1 
-1.21684E2 5.650672E1 6.517795E1 
-1.21722E2 5.705224E1 6.467063E1 
-1.21882E2 5.790694E1 6.397565E1 
-1.22251E2 5.890152E1 6.334976E1 
-1.22851E2 5.983933E1 6.301245E1 
-1.23639E2 6.058013E1 6.305957E1 
-1.24516E2 6.109241E1 6.342371E1 
-1.25351E2 6.143887E1 6.391304E1 
-1.26018E2 6.170895E1 6.430921E1 
-1.26415E2 6.195184E1 6.446343E1 
-1.26494E2 6.215966E1 6.433482E1 
-1.26267E2 6.230549E1 6.396177E1 
-1.25800E2 6.239610E1 6.340447E1 
-1.25199E2 6.249108E1 6.270887E1 
-1.24584E2 6.267215E1 6.191209E1 
-1.24058E2 6.298749E1 6.107071E1 
-1.23689E2 6.341160E1 6.027743E1 
-1.23492E2 6.384571E1 5.964648E1 
-1.23429E2 6.415560E1 5.927373E1 
-1.23418E2 6.422548E1 5.919309E1 
-1.23354E2 6.400392E1 5.935049E1 
-1.23132E2 6.352351E1 5.960897E1 
-1.22673E2 6.288844E1 5.978512E1 
-1.21941E2 6.223791E1 5.970329E1 
-1.20949E2 6.170506E1 5.924421E1 
-1.19757E2 6.139018E1 5.836765E1 
-1.18458E2 6.135444E1 5.710412E1 
-1.17153E2 6.162365E1 5.552967E1 
-1.15930E2 6.218582E1 5.374498E1 
-1.14846E2 6.297892E1 5.186766E1 
-1.13911E2 6.388388E1 5.002739E1 
-1.13089E2 6.474468E1 4.834442E1 
-1.12307E2 6.542013E1 4.688698E1 
-1.11472E2 6.584184E1 4.563099E1 
-1.10496E2 6.603791E1 4.445817E1 
-1.09309E2 6.610166E1 4.320828E1 
-1.07886E2 6.612783E1 4.175824E1 
-1.06241E2 6.616425E1 4.007682E1 
-1.04432E2 6.621138E1 3.822084E1 
-1.02544E2 6.625980E1 3.628447E1 
-1.00669E2 6.632498E1 3.434481E1 
-9.88881E1 6.644625E1 3.244191E1 
-9.72477E1 6.665115E1 3.059663E1 
-9.57555E1 6.691588E1 2.883968E1 
-9.43761E1 6.715535E1 2.722079E1 
-9.30408E1 6.725350E1 2.578732E1 
-9.16640E1 6.711670E1 2.454735E1 
-9.01637E1 6.671903E1 2.344470E1 
-8.84805E1 6.611531E1 2.236519E1 
-8.65917E1 6.541953E1 2.117217E1 
-8.45167E1 6.476506E1 1.975171E1 
-8.23128E1 6.426803E1 1.804480E1 
-8.00617E1 6.400673E1 1.605505E1 
-7.78516E1 6.401680E1 1.383484E1 
-7.57565E1 6.429465E1 1.146189E1 
-7.38201E1 6.480113E1 9.01902374 
-7.20460E1 6.546277E1 6.58332006 
-7.03976E1 6.617462E1 4.22303077 
-6.88068E1 6.681350E1 1.99335621 
-6.71907E1 6.726724E1 -7.6501E-2 
-6.54709E1 6.747286E1 -2.0019076 
-6.35924E1 6.744319E1 -3.8507797 
-6.15364E1 6.726039E1 -5.7239399 
-5.93256E1 6.703479E1 -7.7091676 
-5.70188E1 6.685278E1 -9.8338930 
-5.46984E1 6.674717E1 -1.20487E1 
-5.24511E1 6.670561E1 -1.42544E1 
-5.03488E1 6.670289E1 -1.63540E1 
-4.84320E1 6.672588E1 -1.82938E1 
-4.67008E1 6.677009E1 -2.00692E1 
-4.51154E1 6.681445E1 -2.16989E1 
-4.36054E1 6.680194E1 -2.31964E1 
-4.20865E1 6.665015E1 -2.45635E1 
-4.04805E1 6.629122E1 -2.58106E1 
-3.87339E1 6.571507E1 -2.69811E1 
-3.68307E1 6.498602E1 -2.81552E1 
-3.47973E1 6.422174E1 -2.94243E1 
-3.26965E1 6.355018E1 -3.08536E1 
-3.06138E1 6.307085E1 -3.24570E1 
-2.86381E1 6.283731E1 -3.41992E1 
-2.68414E1 6.285925E1 -3.60178E1 
-2.52624E1 6.311154E1 -3.78491E1 
-2.38972E1 6.354003E1 -3.96427E1 
-2.27007E1 6.406348E1 -4.13626E1 
-2.15965E1 6.457890E1 -4.29823E1 
-2.04949E1 6.497796E1 -4.44830E1 
-1.93141E1 6.517440E1 -4.58602E1 
-1.79996E1 6.513273E1 -4.71331E1 
-1.65374E1 6.488285E1 -4.83453E1 
-1.49586E1 6.450969E1 -4.95510E1 
-1.33326E1 6.412010E1 -5.07875E1 
-1.17519E1 6.380213E1 -5.20501E1 
-1.03114E1 6.359688E1 -5.32854E1 
-9.0863807 6.349478E1 -5.44084E1 
-8.1145762 6.345394E1 -5.53393E1 
-7.3874831 6.342526E1 -5.60377E1 
-6.8514200 6.336793E1 -5.65165E1 
-6.4195347 6.324847E1 -5.68289E1 
-5.9916777 6.303169E1 -5.70400E1 
-5.4777542 6.267931E1 -5.72015E1 
-4.8191935 6.216533E1 -5.73461E1 
-4.0035060 6.150061E1 -5.74971E1 
-3.0683935 6.074746E1 -5.76790E1 
-2.0942273 6.000958E1 -5.79153E1 
-1.1863782 5.940030E1 -5.82139E1 
-4.5126E-1 5.900677E1 -5.85555E1 
2.84267E-2 5.886826E1 -5.88966E1 
2.13701E-1 5.897428E1 -5.91879E1 
1.19463E-1 5.927546E1 -5.93949E1 
-1.8750E-1 5.969638E1 -5.95088E1 
-6.0276E-1 6.014565E1 -5.95428E1 
-1.0076497 6.052612E1 -5.95184E1 
-1.2966852 6.075057E1 -5.94538E1 
-1.4028263 6.076334E1 -5.93605E1 
-1.3144601 6.055992E1 -5.92454E1 
-1.0800156 6.019255E1 -5.91125E1 
-7.9866E-1 5.975492E1 -5.89562E1 
-5.9878E-1 5.935011E1 -5.87513E1 
-6.0882E-1 5.905575E1 -5.84469E1 
-9.2693E-1 5.890118E1 -5.79742E1 
-1.5965763 5.886462E1 -5.72680E1 
-2.5938981 5.888827E1 -5.62943E1 
-3.8303086 5.890213E1 -5.50718E1 
-5.1703593 5.884514E1 -5.36747E1 
-6.4613836 5.867629E1 -5.22149E1 
-7.5685481 5.837545E1 -5.08069E1 
-8.4074094 5.794033E1 -4.95329E1 
-8.9662807 5.738695E1 -4.84206E1 
-9.3126940 5.675469E1 -4.74420E1 
-9.5816276 5.611014E1 -4.65285E1 
-9.9472481 5.554082E1 -4.55935E1 
-1.05838E1 5.513630E1 -4.45524E1 
-1.16241E1 5.496278E1 -4.33386E1 
-1.31251E1 5.504260E1 -4.19174E1 
-1.50489E1 5.534717E1 -4.02982E1 
-1.72647E1 5.580454E1 -3.85398E1 
-1.95725E1 5.631657E1 -3.67439E1 
-2.17452E1 5.677932E1 -3.50340E1 
-2.35793E1 5.710255E1 -3.35231E1 
-2.49457E1 5.722729E1 -3.22815E1 
-2.58264E1 5.713951E1 -3.13130E1 
-2.63295E1 5.687590E1 -3.05463E1 
-2.66759E1 5.651662E1 -2.98407E1 
-2.71593E1 5.616374E1 -2.90044E1 
-2.80844E1 5.591080E1 -2.78263E1 
-2.96960E1 5.581455E1 -2.61184E1 
-3.21125E1 5.587898E1 -2.37664E1 
-3.52784E1 5.605675E1 -2.07783E1 
-3.89485E1 5.626629E1 -1.73177E1 
-4.27087E1 5.641739E1 -1.37086E1 
-4.60338E1 5.643651E1 -1.04027E1 
-4.83736E1 5.628401E1 -7.9103968 
-4.92535E1 5.595977E1 -6.7062716 
-4.83710E1 5.549860E1 -7.1275447 
-4.56708E1 5.496069E1 -9.2898192 
-4.13818E1 5.442178E1 -1.30399E1 
-3.60077E1 5.396452E1 -1.79567E1 
-3.02707E1 5.366914E1 -2.33984E1 
-2.50140E1 5.360053E1 -2.85864E1 
-2.10807E1 5.379191E1 -3.27111E1 
-1.91869E1 5.422921E1 -3.50422E1 
-1.98114E1 5.484331E1 -3.50319E1 
-2.31214E1 5.551643E1 -3.23950E1 
-2.89459E1 5.610507E1 -2.71591E1 
-3.68020E1 5.647482E1 -1.96727E1 
-4.59699E1 5.653621E1 -1.05662E1 
-5.56026E1 5.626883E1 -6.6614E-1 
-6.48531E1 5.572586E1 9.12728090 
-7.29954E1 5.501925E1 1.797617E1 
-7.95218E1 5.429276E1 2.522909E1 
-8.41998E1 5.369170E1 3.050812E1 
-8.70809E1 5.333573E1 3.374524E1 
-8.84639E1 5.329806E1 3.516592E1 
-8.88198E1 5.359239E1 3.522744E1 
-8.86951E1 5.416964E1 3.452546E1 
-8.86113E1 5.492674E1 3.368464E1 
-8.89792E1 5.572873E1 3.325048E1 
-9.00403E1 5.644051E1 3.359986E1 
-9.18467E1 5.695893E1 3.488785E1 
-9.42767E1 5.723408E1 3.704269E1 
-9.70822E1 5.727313E1 3.980913E1 
-9.99552E1 5.712925E1 4.282601E1 
-1.02598E2 5.688409E1 4.571488E1 
-1.04789E2 5.663136E1 4.815788E1 
-1.06415E2 5.646355E1 4.995148E1 
-1.07491E2 5.645908E1 5.103226E1 
-1.08144E2 5.666763E1 5.147688E1 
-1.08575E2 5.709481E1 5.148023E1 
-1.09007E2 5.769193E1 5.131560E1 
-1.09639E2 5.835813E1 5.128118E1 
-1.10598E2 5.896027E1 5.163835E1 
-1.11920E2 5.936891E1 5.255205E1 
-1.13547E2 5.949890E1 5.404814E1 
-1.15341E2 5.933761E1 5.600421E1 
-1.17128E2 5.894733E1 5.818158E1 
-1.18732E2 5.844207E1 6.029005E1 
-1.20014E2 5.795248E1 6.206207E1 
-1.20906E2 5.759557E1 6.331127E1 
-1.21418E2 5.745743E1 6.396155E1 
-1.21633E2 5.758611E1 6.404770E1 
-1.21684E2 5.798799E1 6.369668E1 
-1.21722E2 5.862423E1 6.309864E1 
-1.21882E2 5.941094E1 6.247165E1 
-1.22251E2 6.022980E1 6.202148E1 
-1.22851E2 6.095282E1 6.189896E1 
-1.23639E2 6.147613E1 6.216358E1 
-1.24516E2 6.174958E1 6.276654E1 
-1.25351E2 6.178832E1 6.356359E1 
-1.26018E2 6.166137E1 6.435680E1 
-1.26415E2 6.146515E1 6.495011E1 
-1.26494E2 6.129634E1 6.519815E1 
-1.26267E2 6.123420E1 6.503306E1 
-1.25800E2 6.133288E1 6.446769E1 
-1.25199E2 6.161684E1 6.358311E1 
-1.24584E2 6.207432E1 6.250992E1 
-1.24058E2 6.265117E1 6.140703E1 
-1.23689E2 6.325286E1 6.043616E1 
-1.23492E2 6.376186E1 5.973033E1 
-1.23429E2 6.406969E1 5.935964E1 
-1.23418E2 6.411341E1 5.930516E1 
-1.23354E2 6.389974E1 5.945467E1 
-1.23132E2 6.350369E1 5.962878E1 
-1.22673E2 6.304267E1 5.963089E1 
-1.21941E2 6.263957E1 5.930163E1 
-1.20949E2 6.239301E1 5.855626E1 
-1.19757E2 6.236347E1 5.739436E1 
-1.18458E2 6.257296E1 5.588560E1 
-1.17153E2 6.300877E1 5.414455E1 
-1.15930E2 6.362453E1 5.230627E1 
-1.14846E2 6.434008E1 5.050649E1 
-1.13911E2 6.504808E1 4.886319E1 
-1.13089E2 6.563389E1 4.745521E1 
-1.12307E2 6.600670E1 4.630041E1 
-1.11472E2 6.612912E1 4.534371E1 
-1.10496E2 6.602992E1 4.446616E1 
-1.09309E2 6.579201E1 4.351792E1 
-1.07886E2 6.552216E1 4.236392E1 
-1.06241E2 6.531811E1 4.092295E1 
-1.04432E2 6.524750E1 3.918472E1 
-1.02544E2 6.534154E1 3.720273E1 
-1.00669E2 6.559759E1 3.507220E1 
-9.88881E1 6.598188E1 3.290628E1 
-9.72477E1 6.643072E1 3.081706E1 
-9.57555E1 6.685518E1 2.890039E1 
-9.43761E1 6.715612E1 2.722003E1 
-9.30408E1 6.725080E1 2.579002E1 
-9.16640E1 6.710230E1 2.456175E1 
-9.01637E1 6.673677E1 2.342695E1 
-8.84805E1 6.623801E1 2.224249E1 
-8.65917E1 6.572090E1 2.087080E1 
-8.45167E1 6.529717E1 1.921959E1 
-8.23128E1 6.504875E1 1.726408E1 
-8.00617E1 6.501666E1 1.504513E1 
-7.78516E1 6.520286E1 1.264878E1 
-7.57565E1 6.557644E1 1.018010E1 
-7.38201E1 6.607848E1 7.74167786 
-7.20460E1 6.662578E1 5.42031160 
-7.03976E1 6.711930E1 3.27834609 
-6.88068E1 6.746216E1 1.34469748 
-6.71907E1 6.758562E1 -3.9487E-1 
-6.54709E1 6.747306E1 -2.0021097 
-6.35924E1 6.716876E1 -3.5763561 
-6.15364E1 6.676439E1 -5.2279372 
-5.93256E1 6.636841E1 -7.0427933 
-5.70188E1 6.607310E1 -9.0542116 
-5.46984E1 6.593287E1 -1.12344E1 
-5.24511E1 6.595895E1 -1.35077E1 
-5.03488E1 6.612537E1 -1.57765E1 
-4.84320E1 6.637834E1 -1.79463E1 
-4.67008E1 6.664473E1 -1.99438E1 
-4.51154E1 6.684145E1 -2.17259E1 
-4.36054E1 6.688985E1 -2.32843E1 
-4.20865E1 6.673589E1 -2.46493E1 
-4.04805E1 6.636992E1 -2.58893E1 
-3.87339E1 6.583556E1 -2.71016E1 
-3.68307E1 6.522074E1 -2.83899E1 
-3.47973E1 6.463311E1 -2.98357E1 
-3.26965E1 6.417032E1 -3.14737E1 
-3.06138E1 6.389771E1 -3.32838E1 
-2.86381E1 6.383918E1 -3.52010E1 
-2.68414E1 6.397951E1 -3.71380E1 
-2.52624E1 6.427164E1 -3.90092E1 
-2.38972E1 6.464434E1 -4.07470E1 
-2.27007E1 6.501045E1 -4.23096E1 
-2.15965E1 6.527889E1 -4.36823E1 
-2.04949E1 6.537267E1 -4.48777E1 
-1.93141E1 6.525010E1 -4.59359E1 
-1.79996E1 6.492041E1 -4.69208E1 
-1.65374E1 6.444483E1 -4.79073E1 
-1.49586E1 6.391955E1 -4.89609E1 
-1.33326E1 6.344685E1 -5.01142E1 
-1.17519E1 6.310604E1 -5.13541E1 
-1.03114E1 6.293521E1 -5.26237E1 
-9.0863807 6.292719E1 -5.38408E1 
-8.1145762 6.303707E1 -5.49225E1 
-7.3874831 6.319513E1 -5.58076E1 
-6.8514200 6.332110E1 -5.64696E1 
-6.4195347 6.333856E1 -5.69190E1 
-5.9916777 6.318981E1 -5.71981E1 
-5.4777542 6.285018E1 -5.73724E1 
-4.8191935 6.233758E1 -5.75183E1 
-4.0035060 6.171209E1 -5.77085E1 
-3.0683935 6.106320E1 -5.79948E1 
-2.0942273 6.048787E1 -5.83936E1 
-1.1863782 6.006703E1 -5.88806E1 
-4.5126E-1 5.984835E1 -5.93970E1 
2.84267E-2 5.983902E1 -5.98674E1 
2.13701E-1 6.000758E1 -6.02212E1 
1.19463E-1 6.029139E1 -6.04108E1 
-1.8750E-1 6.060741E1 -6.04199E1 
-6.0276E-1 6.086557E1 -6.02628E1 
-1.0076497 6.098506E1 -5.99774E1 
-1.2966852 6.091232E1 -5.96156E1 
-1.4028263 6.063631E1 -5.92334E1 
-1.3144601 6.019435E1 -5.88798E1 
-1.0800156 5.966426E1 -5.85842E1 
-7.9866E-1 5.914371E1 -5.83450E1 
-5.9878E-1 5.872356E1 -5.81247E1 
-6.0882E-1 5.846467E1 -5.78558E1 
-9.2693E-1 5.838455E1 -5.74576E1 
-1.5965763 5.845622E1 -5.68596E1 
-2.5938981 5.861719E1 -5.60233E1 
-3.8303086 5.878490E1 -5.49545E1 
-5.1703593 5.887513E1 -5.37047E1 
-6.4613836 5.882046E1 -5.23590E1 
-7.5685481 5.858544E1 -5.10168E1 
-8.4074094 5.817534E1 -4.97679E1 
-8.9662807 5.763594E1 -4.86696E1 
-9.3126940 5.704404E1 -4.77313E1 
-9.5816276 5.649057E1 -4.69089E1 
-9.9472481 5.606100E1 -4.61137E1 
-1.05838E1 5.581766E1 -4.52338E1 
-1.16241E1 5.578771E1 -4.41635E1 
-1.31251E1 5.595807E1 -4.28329E1 
-1.50489E1 5.627763E1 -4.12287E1 
-1.72647E1 5.666587E1 -3.94011E1 
-1.95725E1 5.702756E1 -3.74549E1 
-2.17452E1 5.727184E1 -3.55266E1 
-2.35793E1 5.733284E1 -3.37534E1 
-2.49457E1 5.718657E1 -3.22408E1 
-2.58264E1 5.685841E1 -3.10319E1 
-2.63295E1 5.641760E1 -3.00880E1 
-2.66759E1 5.595979E1 -2.92838E1 
-2.71593E1 5.558277E1 -2.84234E1 
-2.80844E1 5.536271E1 -2.72782E1 
-2.96960E1 5.533678E1 -2.56406E1 
-3.21125E1 5.549546E1 -2.33829E1 
-3.52784E1 5.578504E1 -2.05066E1 
-3.89485E1 5.611942E1 -1.71709E1 
-4.27087E1 5.639957E1 -1.36908E1 
-4.60338E1 5.653708E1 -1.05032E1 
-4.83736E1 5.647651E1 -8.1028903 
-4.92535E1 5.620994E1 -6.9564455 
-4.83710E1 5.577929E1 -7.4082395 
-4.56708E1 5.526579E1 -9.5949132 
-4.13818E1 5.477079E1 -1.33889E1 
-3.60077E1 5.439408E1 -1.83863E1 
-3.02707E1 5.421457E1 -2.39438E1 
-2.50140E1 5.427589E1 -2.92618E1 
-2.10807E1 5.457702E1 -3.34962E1 
-1.91869E1 5.506867E1 -3.58817E1 
-1.98114E1 5.565689E1 -3.58454E1 
-2.31214E1 5.621675E1 -3.30953E1 
-2.89459E1 5.661667E1 -2.76707E1 
-3.68020E1 5.674947E1 -1.99474E1 
-4.59699E1 5.656118E1 -1.05912E1 
-5.56026E1 5.606697E1 -4.6429E-1 
-6.48531E1 5.534835E1 9.50478264 
-7.29954E1 5.453301E1 1.846241E1 
-7.95218E1 5.376605E1 2.575581E1 
-8.41998E1 5.318209E1 3.101772E1 
-8.70809E1 5.288400E1 3.419697E1 
-8.84639E1 5.292895E1 3.553503E1 
-8.88198E1 5.332003E1 3.549981E1 
-8.86951E1 5.400308E1 3.469202E1 
-8.86113E1 5.487184E1 3.373953E1 
-8.89792E1 5.578529E1 3.319392E1 
-9.00403E1 5.659783E1 3.344253E1 
-9.18467E1 5.719511E1 3.465167E1 
-9.42767E1 5.752237E1 3.675439E1 
-9.70822E1 5.759363E1 3.948863E1 
-9.99552E1 5.747909E1 4.247617E1 
-1.02598E2 5.727950E1 4.531946E1 
-1.04789E2 5.709920E1 4.769004E1 
-1.06415E2 5.702593E1 4.938909E1 
-1.07491E2 5.711790E1 5.037344E1 
-1.08144E2 5.739501E1 5.074950E1 
-1.08575E2 5.783305E1 5.074199E1 
-1.09007E2 5.836323E1 5.064431E1 
-1.09639E2 5.888220E1 5.075710E1 
-1.10598E2 5.927512E1 5.132350E1 
-1.11920E2 5.944764E1 5.247332E1 
-1.13547E2 5.935589E1 5.419115E1 
-1.15341E2 5.902124E1 5.632058E1 
-1.17128E2 5.852311E1 5.860580E1 
-1.18732E2 5.797447E1 6.075765E1 
-1.20014E2 5.749302E1 6.252153E1 
-1.20906E2 5.717948E1 6.372736E1 
-1.21418E2 5.710654E1 6.431243E1 
-1.21633E2 5.731401E1 6.431979E1 
-1.21684E2 5.780426E1 6.388041E1 
-1.21722E2 5.853639E1 6.318648E1 
-1.21882E2 5.942361E1 6.245898E1 
-1.22251E2 6.034176E1 6.190952E1 
-1.22851E2 6.115416E1 6.169762E1 
-1.23639E2 6.174843E1 6.189128E1 
-1.24516E2 6.207117E1 6.244495E1 
-1.25351E2 6.214302E1 6.320889E1 
-1.26018E2 6.204607E1 6.397209E1 
-1.26415E2 6.189086E1 6.452441E1 
-1.26494E2 6.178072E1 6.471377E1 
-1.26267E2 6.178863E1 6.447863E1 
-1.25800E2 6.194970E1 6.385087E1 
-1.25199E2 6.226243E1 6.293751E1 
-1.24584E2 6.269115E1 6.189309E1 
-1.24058E2 6.316877E1 6.088943E1 
-1.23689E2 6.360524E1 6.008379E1 
-1.23492E2 6.390616E1 5.958603E1 
-1.23429E2 6.399963E1 5.942970E1 
-1.23418E2 6.386145E1 5.955713E1 
-1.23354E2 6.352582E1 5.982859E1 
-1.23132E2 6.307571E1 6.005677E1 
-1.22673E2 6.261778E1 6.005577E1 
-1.21941E2 6.225484E1 5.968637E1 
-1.20949E2 6.206683E1 5.888244E1 
-1.19757E2 6.210368E1 5.765415E1 
-1.18458E2 6.238508E1 5.607348E1 
-1.17153E2 6.290000E1 5.425332E1 
-1.15930E2 6.360287E1 5.232792E1 
-1.14846E2 6.441055E1 5.043602E1 
-1.13911E2 6.520884E1 4.870243E1 
-1.13089E2 6.587453E1 4.721456E1 
-1.12307E2 6.630993E1 4.599718E1 
-1.11472E2 6.647597E1 4.499686E1 
-1.10496E2 6.640660E1 4.408948E1 
-1.09309E2 6.619493E1 4.311501E1 
-1.07886E2 6.595758E1 4.192850E1 
-1.06241E2 6.579568E1 4.044538E1 
-1.04432E2 6.576976E1 3.866246E1 
-1.02544E2 6.589416E1 3.665010E1 
-1.00669E2 6.614471E1 3.452508E1 
-9.88881E1 6.646966E1 3.241850E1 
-9.72477E1 6.679903E1 3.044875E1 
-9.57555E1 6.705418E1 2.870138E1 
-9.43761E1 6.716221E1 2.721393E1 
-9.30408E1 6.707553E1 2.596529E1 
-9.16640E1 6.678963E1 2.487441E1 
-9.01637E1 6.634922E1 2.381451E1 
-8.84805E1 6.583763E1 2.264286E1 
-8.65917E1 6.535394E1 2.123777E1 
-8.45167E1 6.498824E1 1.952853E1 
-8.23128E1 6.480507E1 1.750775E1 
-8.00617E1 6.483773E1 1.522405E1 
-7.78516E1 6.508915E1 1.276249E1 
-7.57565E1 6.553318E1 1.022336E1 
-7.38201E1 6.611375E1 7.70640165 
-7.20460E1 6.674526E1 5.30082671 
-7.03976E1 6.732119E1 3.07645678 
-6.88068E1 6.773534E1 1.07152007 
-6.71907E1 6.791230E1 -7.2156E-1 
-6.54709E1 6.783485E1 -2.3639010 
-6.35924E1 6.755296E1 -3.9605498 
-6.15364E1 6.716716E1 -5.6307062 
-5.93256E1 6.679290E1 -7.4672828 
-5.70188E1 6.652298E1 -9.5040930 
-5.46984E1 6.640395E1 -1.17054E1 
-5.24511E1 6.643236E1 -1.39811E1 
-5.03488E1 6.656564E1 -1.62168E1 
-4.84320E1 6.673826E1 -1.83062E1 
-4.67008E1 6.687670E1 -2.01758E1 
-4.51154E1 6.691209E1 -2.17966E1 
-4.36054E1 6.679244E1 -2.31869E1 
-4.20865E1 6.649493E1 -2.44083E1 
-4.04805E1 6.603476E1 -2.55541E1 
-3.87339E1 6.546548E1 -2.67315E1 
-3.68307E1 6.486818E1 -2.80374E1 
-3.47973E1 6.433226E1 -2.95348E1 
-3.26965E1 6.393517E1 -3.12386E1 
-3.06138E1 6.372820E1 -3.31143E1 
-2.86381E1 6.373069E1 -3.50925E1 
-2.68414E1 6.393048E1 -3.70890E1 
-2.52624E1 6.428617E1 -3.90237E1 
-2.38972E1 6.472969E1 -4.08323E1 
-2.27007E1 6.517155E1 -4.24707E1 
-2.15965E1 6.551324E1 -4.39166E1 
-2.04949E1 6.566861E1 -4.51736E1 
-1.93141E1 6.558961E1 -4.62754E1 
-1.79996E1 6.528529E1 -4.72856E1 
-1.65374E1 6.482264E1 -4.82851E1 
-1.49586E1 6.430599E1 -4.93473E1 
-1.33326E1 6.384300E1 -5.05104E1 
-1.17519E1 6.351186E1 -5.17599E1 
-1.03114E1 6.334231E1 -5.30308E1 
-9.0863807 6.331437E1 -5.42279E1 
-8.1145762 6.337087E1 -5.52562E1 
-7.3874831 6.343618E1 -5.60487E1 
-6.8514200 6.343497E1 -5.65835E1 
-6.4195347 6.330762E1 -5.68880E1 
-5.9916777 6.302139E1 -5.70297E1 
-5.4777542 6.257691E1 -5.70991E1 
-4.8191935 6.200884E1 -5.71896E1 
-4.0035060 6.137994E1 -5.73764E1 
-3.0683935 6.076892E1 -5.77005E1 
-2.0942273 6.025458E1 -5.81603E1 
-1.1863782 5.990061E1 -5.87142E1 
-4.5126E-1 5.974439E1 -5.92931E1 
2.84267E-2 5.979134E1 -5.98197E1 
2.13701E-1 6.001422E1 -6.02279E1 
1.19463E-1 6.035591E1 -6.04753E1 
-1.8750E-1 6.073581E1 -6.05483E1 
-6.0276E-1 6.106097E1 -6.04582E1 
-1.0076497 6.124325E1 -6.02356E1 
