  0.000000E+00  5.000000E-03  2.501694E+02
  3.826159E+04  1.000000E-02  5.832576E+01
  7.273334E+04  1.500000E-02  5.175519E+01
  7.124099E+04  2.000000E-02  6.112950E+01
  7.062237E+04  2.500000E-02  5.725210E+01
  7.086527E+04  3.000000E-02  5.823075E+01
  7.065981E+04  3.500000E-02  5.725355E+01
  7.049080E+04  4.000000E-02  5.795731E+01
  7.033374E+04  4.500000E-02  5.808942E+01
  7.033240E+04  5.000000E-02  5.896534E+01
  7.048322E+04  5.500000E-02  5.811433E+01
  7.058987E+04  6.000000E-02  5.720740E+01
  7.041435E+04  6.500000E-02  5.699668E+01
  7.012278E+04  7.000000E-02  5.775248E+01
  6.998723E+04  7.500000E-02  5.819703E+01
  7.005710E+04  8.000000E-02  5.812431E+01
  7.016090E+04  8.500000E-02  5.809599E+01
  7.022531E+04  9.000000E-02  5.770528E+01
  7.021072E+04  9.500000E-02  5.693781E+01
  7.002837E+04  1.000000E-01  5.697406E+01
  6.978868E+04  1.050000E-01  5.799479E+01
  6.976724E+04  1.100000E-01  5.832067E+01
  6.994252E+04  1.150000E-01  5.731111E+01
  6.996711E+04  1.200000E-01  5.607464E+01
  6.965701E+04  1.250000E-01  5.490187E+01
  6.907083E+04  1.300000E-01  5.309832E+01
  6.818772E+04  1.350000E-01  5.079430E+01
  6.691510E+04  1.400000E-01  4.916564E+01
  6.537995E+04  1.450000E-01  4.951285E+01
  6.404037E+04  1.500000E-01  5.248209E+01
  6.352362E+04  1.550000E-01  5.729480E+01
  6.427735E+04  1.600000E-01  6.105986E+01
  6.609275E+04  1.650000E-01  6.017502E+01
  6.786031E+04  1.700000E-01  5.473332E+01
  6.825061E+04  1.750000E-01  5.017414E+01
  6.709570E+04  1.800000E-01  5.144766E+01
  6.577863E+04  1.850000E-01  5.663002E+01
  6.574502E+04  1.900000E-01  5.932667E+01
  6.685098E+04  1.950000E-01  5.693327E+01
  6.770125E+04  2.000000E-01  5.355514E+01
  6.749953E+04  2.050000E-01  5.388593E+01
  6.692701E+04  2.100000E-01  5.674866E+01
  6.697438E+04  2.150000E-01  5.742460E+01
  6.751138E+04  2.200000E-01  5.521553E+01
  6.767664E+04  2.250000E-01  5.419229E+01
  6.733908E+04  2.300000E-01  5.601974E+01
  6.721889E+04  2.350000E-01  5.732036E+01
  6.757987E+04  2.400000E-01  5.590340E+01
  6.781897E+04  2.450000E-01  5.435064E+01
  6.756695E+04  2.500000E-01  5.489471E+01
  6.724254E+04  2.550000E-01  5.557012E+01
  6.717470E+04  2.600000E-01  5.419309E+01
  6.700726E+04  2.650000E-01  5.196970E+01
  6.634981E+04  2.700000E-01  5.072247E+01
  6.535123E+04  2.750000E-01  5.025647E+01
  6.434833E+04  2.800000E-01  5.034702E+01
  6.353560E+04  2.850000E-01  5.189800E+01
  6.316721E+04  2.900000E-01  5.464441E+01
  6.352156E+04  2.950000E-01  5.651364E+01
  6.445741E+04  3.000000E-01  5.613454E+01
  6.537035E+04  3.050000E-01  5.403720E+01
  6.569147E+04  3.100000E-01  5.162568E+01
  6.527630E+04  3.150000E-01  5.051771E+01
  6.445682E+04  3.200000E-01  5.192918E+01
  6.389542E+04  3.250000E-01  5.527738E+01
  6.417546E+04  3.300000E-01  5.815597E+01
  6.529235E+04  3.350000E-01  5.863277E+01
  6.661359E+04  3.400000E-01  5.720336E+01
  6.746560E+04  3.450000E-01  5.613263E+01
  6.775085E+04  3.500000E-01  5.699789E+01
  6.795049E+04  3.550000E-01  5.898059E+01
  6.852456E+04  3.600000E-01  5.985786E+01
  6.936995E+04  3.650000E-01  5.875311E+01
  6.996569E+04  3.700000E-01  5.716720E+01
  7.002293E+04  3.750000E-01  5.690729E+01
  6.980629E+04  3.800000E-01  5.779884E+01
  6.974146E+04  3.850000E-01  5.811292E+01
  6.986404E+04  3.900000E-01  5.690180E+01
  6.981625E+04  3.950000E-01  5.516175E+01
  6.934642E+04  4.000000E-01  5.443613E+01
  6.863704E+04  4.050000E-01  5.487501E+01
  6.806422E+04  4.100000E-01  5.542019E+01
  6.777323E+04  4.150000E-01  5.563675E+01
  6.766101E+04  4.200000E-01  5.628169E+01
  6.770416E+04  4.250000E-01  5.781241E+01
  6.805986E+04  4.300000E-01  5.932111E+01
  6.877277E+04  4.350000E-01  5.957627E+01
  6.956292E+04  4.400000E-01  5.852356E+01
  7.003814E+04  4.450000E-01  5.715535E+01
  7.004423E+04  4.500000E-01  5.640183E+01
  6.974380E+04  4.550000E-01  5.675876E+01
  6.946522E+04  4.600000E-01  5.845461E+01
  6.956168E+04  4.650000E-01  6.109361E+01
  7.027287E+04  4.700000E-01  6.334314E+01
  7.152278E+04  4.750000E-01  6.387488E+01
  7.286594E+04  4.800000E-01  6.279726E+01
  7.379586E+04  4.850000E-01  6.161349E+01
  7.417197E+04  4.900000E-01  6.162435E+01
  7.429471E+04  4.950000E-01  6.269868E+01
  7.455316E+04  5.000000E-01  6.362433E+01
  7.503989E+04  5.050000E-01  6.339617E+01
  7.550353E+04  5.100000E-01  6.213000E+01
  7.563102E+04  5.150000E-01  6.086798E+01
  7.535949E+04  5.200000E-01  6.051189E+01
  7.492352E+04  5.250000E-01  6.091561E+01
  7.460439E+04  5.300000E-01  6.113950E+01
  7.445224E+04  5.350000E-01  6.063120E+01
  7.429035E+04  5.400000E-01  5.990763E+01
  7.398645E+04  5.450000E-01  5.991449E+01
  7.365606E+04  5.500000E-01  6.093396E+01
  7.356142E+04  5.550000E-01  6.234499E+01
  7.384630E+04  5.600000E-01  6.334390E+01
  7.441109E+04  5.650000E-01  6.365328E+01
  7.502611E+04  5.700000E-01  6.349031E+01
  7.551142E+04  5.750000E-01  6.308942E+01
  7.579629E+04  5.800000E-01  6.253914E+01
  7.587308E+04  5.850000E-01  6.209228E+01
  7.578680E+04  5.900000E-01  6.231361E+01
  7.569286E+04  5.950000E-01  6.361015E+01
  7.584985E+04  6.000000E-01  6.563767E+01
  7.645833E+04  6.050000E-01  6.740743E+01
  7.747209E+04  6.100000E-01  6.809056E+01
  7.859225E+04  6.150000E-01  6.765536E+01
  7.947174E+04  6.200000E-01  6.673282E+01
  7.993867E+04  6.250000E-01  6.602091E+01
  8.005657E+04  6.300000E-01  6.584845E+01
  8.002086E+04  6.350000E-01  6.608610E+01
  8.000597E+04  6.400000E-01  6.628413E+01
  8.005788E+04  6.450000E-01  6.598701E+01
  8.007957E+04  6.500000E-01  6.512856E+01
  7.992392E+04  6.550000E-01  6.415842E+01
  7.953850E+04  6.600000E-01  6.365960E+01
  7.903485E+04  6.650000E-01  6.378651E+01
  7.860229E+04  6.700000E-01  6.415254E+01
  7.834716E+04  6.750000E-01  6.431367E+01
  7.822882E+04  6.800000E-01  6.427686E+01
  7.815573E+04  6.850000E-01  6.443204E+01
  7.811874E+04  6.900000E-01  6.502552E+01
  7.820266E+04  6.950000E-01  6.581824E+01
  7.846971E+04  7.000000E-01  6.629098E+01
  7.885481E+04  7.050000E-01  6.613198E+01
  7.918882E+04  7.100000E-01  6.550947E+01
  7.932554E+04  7.150000E-01  6.491769E+01
  7.925266E+04  7.200000E-01  6.479790E+01
  7.909677E+04  7.250000E-01  6.528829E+01
  7.903643E+04  7.300000E-01  6.626065E+01
  7.920696E+04  7.350000E-01  6.747594E+01
  7.965687E+04  7.400000E-01  6.862090E+01
  8.034205E+04  7.450000E-01  6.927525E+01
  8.112138E+04  7.500000E-01  6.907487E+01
  8.177377E+04  7.550000E-01  6.806408E+01
  8.208741E+04  7.600000E-01  6.681225E+01
  8.199433E+04  7.650000E-01  6.601253E+01
  8.162772E+04  7.700000E-01  6.589853E+01
  8.122069E+04  7.750000E-01  6.608400E+01
  8.092395E+04  7.800000E-01  6.598109E+01
  8.070866E+04  7.850000E-01  6.534906E+01
  8.043452E+04  7.900000E-01  6.445358E+01
  8.000197E+04  7.950000E-01  6.376912E+01
  7.944461E+04  8.000000E-01  6.357712E+01
  7.889684E+04  8.050000E-01  6.380467E+01
  7.848876E+04  8.100000E-01  6.415824E+01
  7.826432E+04  8.150000E-01  6.437677E+01
  7.817631E+04  8.200000E-01  6.440563E+01
  7.814424E+04  8.250000E-01  6.438676E+01
  7.812102E+04  8.300000E-01  6.447911E+01
  7.811483E+04  8.350000E-01  6.465459E+01
  7.814971E+04  8.400000E-01  6.468290E+01
  7.820491E+04  8.450000E-01  6.437408E+01
  7.820372E+04  8.500000E-01  6.385378E+01
  7.808059E+04  8.550000E-01  6.354748E+01
  7.786805E+04  8.600000E-01  6.383648E+01
  7.770807E+04  8.650000E-01  6.471146E+01
  7.776007E+04  8.700000E-01  6.575680E+01
  7.808051E+04  8.750000E-01  6.645386E+01
  7.857547E+04  8.800000E-01  6.650412E+01
  7.905600E+04  8.850000E-01  6.592767E+01
  7.934013E+04  8.900000E-01  6.495556E+01
  7.932766E+04  8.950000E-01  6.388365E+01
  7.901968E+04  9.000000E-01  6.298155E+01
  7.849926E+04  9.050000E-01  6.242361E+01
  7.789352E+04  9.100000E-01  6.220986E+01
  7.732328E+04  9.150000E-01  6.213987E+01
  7.684977E+04  9.200000E-01  6.192860E+01
  7.644819E+04  9.250000E-01  6.142923E+01
  7.603769E+04  9.300000E-01  6.077603E+01
  7.555693E+04  9.350000E-01  6.028787E+01
  7.502656E+04  9.400000E-01  6.019717E+01
  7.454202E+04  9.450000E-01  6.045216E+01
  7.420024E+04  9.500000E-01  6.077329E+01
  7.402502E+04  9.550000E-01  6.089595E+01
  7.395528E+04  9.600000E-01  6.076401E+01
  7.389925E+04  9.650000E-01  6.051413E+01
  7.380027E+04  9.700000E-01  6.030798E+01
  7.365894E+04  9.750000E-01  6.019494E+01
  7.350570E+04  9.800000E-01  6.011976E+01
  7.336213E+04  9.850000E-01  6.003650E+01
  7.322994E+04  9.900000E-01  6.000378E+01
  7.311298E+04  9.950000E-01  6.016439E+01
  7.304406E+04  1.000000E+00  6.061065E+01
  7.308205E+04  1.005000E+00  6.123704E+01
  7.326840E+04  1.010000E+00  6.172110E+01
  7.357081E+04  1.015000E+00  6.169878E+01
  7.386440E+04  1.020000E+00  6.102723E+01
  7.398196E+04  1.025000E+00  5.991115E+01
  7.380781E+04  1.030000E+00  5.876795E+01
  7.334615E+04  1.035000E+00  5.794865E+01
  7.271170E+04  1.040000E+00  5.755116E+01
  7.205531E+04  1.045000E+00  5.744212E+01
  7.148487E+04  1.050000E+00  5.740644E+01
  7.103099E+04  1.055000E+00  5.728024E+01
  7.066206E+04  1.060000E+00  5.700554E+01
  7.032242E+04  1.065000E+00  5.663183E+01
  6.996932E+04  1.070000E+00  5.628823E+01
  6.959679E+04  1.075000E+00  5.611720E+01
  6.924000E+04  1.080000E+00  5.617885E+01
  6.895462E+04  1.085000E+00  5.639077E+01
  6.877872E+04  1.090000E+00  5.657182E+01
  6.870216E+04  1.095000E+00  5.657476E+01
  6.866964E+04  1.100000E+00  5.639938E+01
  6.861862E+04  1.105000E+00  5.618424E+01
  6.852270E+04  1.110000E+00  5.608707E+01
  6.840513E+04  1.115000E+00  5.616883E+01
  6.831477E+04  1.120000E+00  5.638249E+01
  6.829006E+04  1.125000E+00  5.665495E+01
  6.834252E+04  1.130000E+00  5.695959E+01
  6.846668E+04  1.135000E+00  5.729865E+01
  6.865500E+04  1.140000E+00  5.762062E+01
  6.889425E+04  1.145000E+00  5.777664E+01
  6.914451E+04  1.150000E+00  5.758762E+01
  6.932749E+04  1.155000E+00  5.698240E+01
  6.934796E+04  1.160000E+00  5.608836E+01
  6.914313E+04  1.165000E+00  5.518828E+01
  6.872608E+04  1.170000E+00  5.456721E+01
  6.818952E+04  1.175000E+00  5.435732E+01
  6.766364E+04  1.180000E+00  5.448241E+01
  6.725409E+04  1.185000E+00  5.472730E+01
  6.699772E+04  1.190000E+00  5.487653E+01
  6.685979E+04  1.195000E+00  5.483020E+01
  6.676871E+04  1.200000E+00  5.463045E+01
  6.666265E+04  1.205000E+00  5.440132E+01
  6.651940E+04  1.210000E+00  5.426106E+01
  6.635736E+04  1.215000E+00  5.426563E+01
  6.621548E+04  1.220000E+00  5.439840E+01
  6.612859E+04  1.225000E+00  5.459114E+01
  6.611041E+04  1.230000E+00  5.476408E+01
  6.614976E+04  1.235000E+00  5.487676E+01
  6.622086E+04  1.240000E+00  5.496453E+01
  6.630391E+04  1.245000E+00  5.512332E+01
  6.640339E+04  1.250000E+00  5.543640E+01
  6.654874E+04  1.255000E+00  5.589398E+01
  6.677240E+04  1.260000E+00  5.637587E+01
  6.707933E+04  1.265000E+00  5.671647E+01
  6.743136E+04  1.270000E+00  5.679532E+01
  6.775813E+04  1.275000E+00  5.657656E+01
  6.798395E+04  1.280000E+00  5.607988E+01
  6.804937E+04  1.285000E+00  5.533885E+01
  6.791708E+04  1.290000E+00  5.440680E+01
  6.757154E+04  1.295000E+00  5.340255E+01
  6.702646E+04  1.300000E+00  5.252946E+01
  6.633976E+04  1.305000E+00  5.201945E+01
  6.561907E+04  1.310000E+00  5.202547E+01
  6.500168E+04  1.315000E+00  5.253708E+01
  6.461153E+04  1.320000E+00  5.337992E+01
  6.451477E+04  1.325000E+00  5.430301E+01
  6.469912E+04  1.330000E+00  5.510072E+01
  6.508904E+04  1.335000E+00  5.569540E+01
  6.558675E+04  1.340000E+00  5.613252E+01
  6.611407E+04  1.345000E+00  5.650327E+01
  6.663188E+04  1.350000E+00  5.685974E+01
  6.713105E+04  1.355000E+00  5.718492E+01
  6.760931E+04  1.360000E+00  5.742796E+01
  6.805482E+04  1.365000E+00  5.756342E+01
  6.844764E+04  1.370000E+00  5.762476E+01
  6.877419E+04  1.375000E+00  5.769302E+01
  6.904115E+04  1.380000E+00  5.785663E+01
  6.927835E+04  1.385000E+00  5.816851E+01
  6.952879E+04  1.390000E+00  5.861656E+01
  6.983064E+04  1.395000E+00  5.911545E+01
  7.019824E+04  1.400000E+00  5.952641E+01
  7.060944E+04  1.405000E+00  5.970711E+01
  7.100644E+04  1.410000E+00  5.957255E+01
  7.131261E+04  1.415000E+00  5.913203E+01
  7.145932E+04  1.420000E+00  5.847880E+01
  7.140996E+04  1.425000E+00  5.774603E+01
  7.116998E+04  1.430000E+00  5.706750E+01
  7.078243E+04  1.435000E+00  5.656536E+01
  7.031720E+04  1.440000E+00  5.635052E+01
  6.986127E+04  1.445000E+00  5.650672E+01
  6.950891E+04  1.450000E+00  5.705224E+01
  6.934611E+04  1.455000E+00  5.790694E+01
  6.942855E+04  1.460000E+00  5.890153E+01
  6.976157E+04  1.465000E+00  5.983934E+01
  7.029571E+04  1.470000E+00  6.058015E+01
  7.094469E+04  1.475000E+00  6.109242E+01
  7.161869E+04  1.480000E+00  6.143889E+01
  7.225465E+04  1.485000E+00  6.170897E+01
  7.282702E+04  1.490000E+00  6.195186E+01
  7.333634E+04  1.495000E+00  6.215969E+01
  7.378862E+04  1.500000E+00  6.230551E+01
  7.418328E+04  1.505000E+00  6.239612E+01
  7.451712E+04  1.510000E+00  6.249109E+01
  7.479776E+04  1.515000E+00  6.267216E+01
  7.505172E+04  1.520000E+00  6.298747E+01
  7.531784E+04  1.525000E+00  6.341159E+01
  7.562844E+04  1.530000E+00  6.384571E+01
  7.598948E+04  1.535000E+00  6.415560E+01
  7.637129E+04  1.540000E+00  6.422548E+01
  7.671504E+04  1.545000E+00  6.400392E+01
  7.695208E+04  1.550000E+00  6.352351E+01
  7.702811E+04  1.555000E+00  6.288844E+01
  7.692229E+04  1.560000E+00  6.223791E+01
  7.665449E+04  1.565000E+00  6.170506E+01
  7.627943E+04  1.570000E+00  6.139017E+01
  7.587248E+04  1.575000E+00  6.135444E+01
  7.551416E+04  1.580000E+00  6.162365E+01
  7.527805E+04  1.585000E+00  6.218581E+01
  7.522180E+04  1.590000E+00  6.297892E+01
  7.537810E+04  1.595000E+00  6.388389E+01
  7.574499E+04  1.600000E+00  6.474469E+01
  7.628067E+04  1.605000E+00  6.542014E+01
  7.691015E+04  1.610000E+00  6.584185E+01
  7.754645E+04  1.615000E+00  6.603792E+01
  7.811827E+04  1.620000E+00  6.610168E+01
  7.858957E+04  1.625000E+00  6.612785E+01
  7.896040E+04  1.630000E+00  6.616426E+01
  7.925125E+04  1.635000E+00  6.621139E+01
  7.948441E+04  1.640000E+00  6.625981E+01
  7.967545E+04  1.645000E+00  6.632498E+01
  7.983721E+04  1.650000E+00  6.644625E+01
  7.998761E+04  1.655000E+00  6.665114E+01
  8.014994E+04  1.660000E+00  6.691588E+01
  8.034206E+04  1.665000E+00  6.715535E+01
  8.056129E+04  1.670000E+00  6.725350E+01
  8.077606E+04  1.675000E+00  6.711670E+01
  8.093199E+04  1.680000E+00  6.671903E+01
  8.097081E+04  1.685000E+00  6.611531E+01
  8.085300E+04  1.690000E+00  6.541953E+01
  8.057355E+04  1.695000E+00  6.476505E+01
  8.016483E+04  1.700000E+00  6.426803E+01
  7.968764E+04  1.705000E+00  6.400673E+01
  7.921627E+04  1.710000E+00  6.401680E+01
  7.882344E+04  1.715000E+00  6.429465E+01
  7.856881E+04  1.720000E+00  6.480114E+01
  7.849121E+04  1.725000E+00  6.546278E+01
  7.860352E+04  1.730000E+00  6.617462E+01
  7.888929E+04  1.735000E+00  6.681351E+01
  7.930268E+04  1.740000E+00  6.726725E+01
  7.977465E+04  1.745000E+00  6.747287E+01
  8.022755E+04  1.750000E+00  6.744320E+01
  8.059562E+04  1.755000E+00  6.726040E+01
  8.084321E+04  1.760000E+00  6.703480E+01
  8.097147E+04  1.765000E+00  6.685279E+01
  8.100978E+04  1.770000E+00  6.674718E+01
  8.099749E+04  1.775000E+00  6.670562E+01
  8.096713E+04  1.780000E+00  6.670290E+01
  8.093788E+04  1.785000E+00  6.672587E+01
  8.091879E+04  1.790000E+00  6.677009E+01
  8.091422E+04  1.795000E+00  6.681445E+01
  8.092365E+04  1.800000E+00  6.680194E+01
  8.093508E+04  1.805000E+00  6.665015E+01
  8.091890E+04  1.810000E+00  6.629122E+01
  8.083080E+04  1.815000E+00  6.571507E+01
  8.062618E+04  1.820000E+00  6.498602E+01
  8.027957E+04  1.825000E+00  6.422174E+01
  7.979846E+04  1.830000E+00  6.355018E+01
  7.922444E+04  1.835000E+00  6.307085E+01
  7.862202E+04  1.840000E+00  6.283731E+01
  7.806222E+04  1.845000E+00  6.285925E+01
  7.760789E+04  1.850000E+00  6.311155E+01
  7.730431E+04  1.855000E+00  6.354004E+01
  7.717409E+04  1.860000E+00  6.406349E+01
  7.721453E+04  1.865000E+00  6.457891E+01
  7.739656E+04  1.870000E+00  6.497797E+01
  7.766730E+04  1.875000E+00  6.517441E+01
  7.795836E+04  1.880000E+00  6.513274E+01
  7.820040E+04  1.885000E+00  6.488286E+01
  7.834037E+04  1.890000E+00  6.450970E+01
  7.835508E+04  1.895000E+00  6.412011E+01
  7.825500E+04  1.900000E+00  6.380214E+01
  7.807636E+04  1.905000E+00  6.359689E+01
  7.786519E+04  1.910000E+00  6.349479E+01
  7.766069E+04  1.915000E+00  6.345394E+01
  7.748495E+04  1.920000E+00  6.342526E+01
  7.734141E+04  1.925000E+00  6.336793E+01
  7.721967E+04  1.930000E+00  6.324847E+01
  7.710102E+04  1.935000E+00  6.303169E+01
  7.696126E+04  1.940000E+00  6.267931E+01
  7.677126E+04  1.945000E+00  6.216532E+01
  7.649964E+04  1.950000E+00  6.150061E+01
  7.612056E+04  1.955000E+00  6.074746E+01
  7.562545E+04  1.960000E+00  6.000958E+01
  7.503223E+04  1.965000E+00  5.940030E+01
  7.438620E+04  1.970000E+00  5.900678E+01
  7.375083E+04  1.975000E+00  5.886826E+01
  7.319242E+04  1.980000E+00  5.897429E+01
  7.276516E+04  1.985000E+00  5.927547E+01
  7.250128E+04  1.990000E+00  5.969639E+01
  7.240687E+04  1.995000E+00  6.014566E+01
  7.246214E+04  2.000000E+00  6.052613E+01
  7.262457E+04  2.005000E+00  6.075058E+01
  7.283504E+04  2.010000E+00  6.076335E+01
  7.302806E+04  2.015000E+00  6.055993E+01
  7.314545E+04  2.020000E+00  6.019256E+01
  7.315035E+04  2.025000E+00  5.975493E+01
  7.303630E+04  2.030000E+00  5.935012E+01
  7.282714E+04  2.035000E+00  5.905576E+01
  7.256713E+04  2.040000E+00  5.890119E+01
  7.230516E+04  2.045000E+00  5.886463E+01
  7.207912E+04  2.050000E+00  5.888827E+01
  7.190594E+04  2.055000E+00  5.890213E+01
  7.177981E+04  2.060000E+00  5.884514E+01
  7.167725E+04  2.065000E+00  5.867630E+01
  7.156569E+04  2.070000E+00  5.837545E+01
  7.141164E+04  2.075000E+00  5.794034E+01
  7.118650E+04  2.080000E+00  5.738695E+01
  7.087067E+04  2.085000E+00  5.675469E+01
  7.045749E+04  2.090000E+00  5.611014E+01
  6.995753E+04  2.095000E+00  5.554082E+01
  6.940141E+04  2.100000E+00  5.513630E+01
  6.883821E+04  2.105000E+00  5.496278E+01
  6.832774E+04  2.110000E+00  5.504261E+01
  6.792805E+04  2.115000E+00  5.534718E+01
  6.768198E+04  2.120000E+00  5.580455E+01
  6.760712E+04  2.125000E+00  5.631658E+01
  6.769187E+04  2.130000E+00  5.677932E+01
  6.789796E+04  2.135000E+00  5.710256E+01
  6.816808E+04  2.140000E+00  5.722731E+01
  6.843721E+04  2.145000E+00  5.713952E+01
  6.864560E+04  2.150000E+00  5.687591E+01
  6.875150E+04  2.155000E+00  5.651663E+01
  6.874054E+04  2.160000E+00  5.616374E+01
  6.862848E+04  2.165000E+00  5.591080E+01
  6.845576E+04  2.170000E+00  5.581456E+01
  6.827474E+04  2.175000E+00  5.587898E+01
  6.813367E+04  2.180000E+00  5.605675E+01
  6.806258E+04  2.185000E+00  5.626629E+01
  6.806522E+04  2.190000E+00  5.641739E+01
  6.811939E+04  2.195000E+00  5.643651E+01
  6.818446E+04  2.200000E+00  5.628402E+01
  6.821330E+04  2.205000E+00  5.595977E+01
  6.816460E+04  2.210000E+00  5.549860E+01
  6.801224E+04  2.215000E+00  5.496069E+01
  6.775043E+04  2.220000E+00  5.442178E+01
  6.739466E+04  2.225000E+00  5.396453E+01
  6.697983E+04  2.230000E+00  5.366915E+01
  6.655616E+04  2.235000E+00  5.360054E+01
  6.618283E+04  2.240000E+00  5.379191E+01
  6.591889E+04  2.245000E+00  5.422922E+01
  6.581166E+04  2.250000E+00  5.484332E+01
  6.588460E+04  2.255000E+00  5.551644E+01
  6.612795E+04  2.260000E+00  5.610508E+01
  6.649608E+04  2.265000E+00  5.647483E+01
  6.691389E+04  2.270000E+00  5.653622E+01
  6.729199E+04  2.275000E+00  5.626883E+01
  6.754698E+04  2.280000E+00  5.572586E+01
  6.762073E+04  2.285000E+00  5.501924E+01
  6.749358E+04  2.290000E+00  5.429275E+01
  6.718805E+04  2.295000E+00  5.369169E+01
  6.676339E+04  2.300000E+00  5.333572E+01
  6.630301E+04  2.305000E+00  5.329805E+01
  6.589810E+04  2.310000E+00  5.359239E+01
  6.563016E+04  2.315000E+00  5.416964E+01
  6.555554E+04  2.320000E+00  5.492674E+01
  6.569449E+04  2.325000E+00  5.572873E+01
  6.602751E+04  2.330000E+00  5.644053E+01
  6.650042E+04  2.335000E+00  5.695895E+01
  6.703759E+04  2.340000E+00  5.723409E+01
  6.755961E+04  2.345000E+00  5.727315E+01
  6.800032E+04  2.350000E+00  5.712927E+01
  6.831856E+04  2.355000E+00  5.688411E+01
  6.850292E+04  2.360000E+00  5.663138E+01
  6.857036E+04  2.365000E+00  5.646357E+01
  6.856086E+04  2.370000E+00  5.645909E+01
  6.852964E+04  2.375000E+00  5.666763E+01
  6.853708E+04  2.380000E+00  5.709481E+01
  6.863682E+04  2.385000E+00  5.769192E+01
  6.886296E+04  2.390000E+00  5.835813E+01
  6.921928E+04  2.395000E+00  5.896028E+01
  6.967430E+04  2.400000E+00  5.936892E+01
  7.016590E+04  2.405000E+00  5.949891E+01
  7.061593E+04  2.410000E+00  5.933762E+01
  7.095124E+04  2.415000E+00  5.894733E+01
  7.112403E+04  2.420000E+00  5.844207E+01
  7.112401E+04  2.425000E+00  5.795248E+01
  7.097914E+04  2.430000E+00  5.759557E+01
  7.074665E+04  2.435000E+00  5.745743E+01
  7.049938E+04  2.440000E+00  5.758610E+01
  7.031197E+04  2.445000E+00  5.798798E+01
  7.024875E+04  2.450000E+00  5.862423E+01
  7.035356E+04  2.455000E+00  5.941094E+01
  7.064152E+04  2.460000E+00  6.022982E+01
  7.109440E+04  2.465000E+00  6.095284E+01
  7.166242E+04  2.470000E+00  6.147615E+01
  7.227414E+04  2.475000E+00  6.174959E+01
  7.285320E+04  2.480000E+00  6.178834E+01
  7.333694E+04  2.485000E+00  6.166138E+01
  7.369042E+04  2.490000E+00  6.146517E+01
  7.391135E+04  2.495000E+00  6.129635E+01
  7.402615E+04  2.500000E+00  6.123421E+01
  7.408040E+04  2.505000E+00  6.133289E+01
  7.412801E+04  2.510000E+00  6.161684E+01
  7.422116E+04  2.515000E+00  6.207431E+01
  7.440110E+04  2.520000E+00  6.265116E+01
  7.468929E+04  2.525000E+00  6.325286E+01
  7.508008E+04  2.530000E+00  6.376186E+01
  7.553813E+04  2.535000E+00  6.406969E+01
  7.600372E+04  2.540000E+00  6.411342E+01
  7.640682E+04  2.545000E+00  6.389974E+01
  7.668652E+04  2.550000E+00  6.350370E+01
  7.680890E+04  2.555000E+00  6.304267E+01
  7.677654E+04  2.560000E+00  6.263957E+01
  7.662643E+04  2.565000E+00  6.239301E+01
  7.641880E+04  2.570000E+00  6.236346E+01
  7.622230E+04  2.575000E+00  6.257295E+01
  7.610087E+04  2.580000E+00  6.300877E+01
  7.610418E+04  2.585000E+00  6.362453E+01
  7.626112E+04  2.590000E+00  6.434009E+01
  7.657497E+04  2.595000E+00  6.504809E+01
  7.702074E+04  2.600000E+00  6.563391E+01
  7.754703E+04  2.605000E+00  6.600672E+01
  7.808504E+04  2.610000E+00  6.612913E+01
  7.856418E+04  2.615000E+00  6.602993E+01
  7.893001E+04  2.620000E+00  6.579203E+01
  7.915783E+04  2.625000E+00  6.552217E+01
  7.925668E+04  2.630000E+00  6.531812E+01
  7.926314E+04  2.635000E+00  6.524750E+01
  7.922892E+04  2.640000E+00  6.534154E+01
  7.920743E+04  2.645000E+00  6.559759E+01
  7.924321E+04  2.650000E+00  6.598187E+01
  7.936454E+04  2.655000E+00  6.643072E+01
  7.957853E+04  2.660000E+00  6.685518E+01
  7.986815E+04  2.665000E+00  6.715612E+01
  8.019301E+04  2.670000E+00  6.725080E+01
  8.049603E+04  2.675000E+00  6.710230E+01
  8.071672E+04  2.680000E+00  6.673678E+01
  8.080800E+04  2.685000E+00  6.623801E+01
  8.075050E+04  2.690000E+00  6.572090E+01
  8.055869E+04  2.695000E+00  6.529717E+01
  8.027652E+04  2.700000E+00  6.504874E+01
  7.996543E+04  2.705000E+00  6.501665E+01
  7.968971E+04  2.710000E+00  6.520286E+01
  7.950420E+04  2.715000E+00  6.557645E+01
  7.944612E+04  2.720000E+00  6.607848E+01
  7.953044E+04  2.725000E+00  6.662579E+01
  7.974769E+04  2.730000E+00  6.711931E+01
  8.006401E+04  2.735000E+00  6.746218E+01
  8.042514E+04  2.740000E+00  6.758563E+01
  8.076591E+04  2.745000E+00  6.747307E+01
  8.102477E+04  2.750000E+00  6.716877E+01
  8.115936E+04  2.755000E+00  6.676440E+01
  8.115765E+04  2.760000E+00  6.636842E+01
  8.103980E+04  2.765000E+00  6.607310E+01
  8.085022E+04  2.770000E+00  6.593287E+01
  8.064380E+04  2.775000E+00  6.595895E+01
  8.047149E+04  2.780000E+00  6.612538E+01
  8.036959E+04  2.785000E+00  6.637834E+01
  8.035389E+04  2.790000E+00  6.664473E+01
  8.041772E+04  2.795000E+00  6.684146E+01
  8.053323E+04  2.800000E+00  6.688985E+01
  8.065568E+04  2.805000E+00  6.673589E+01
  8.073197E+04  2.810000E+00  6.636992E+01
  8.071273E+04  2.815000E+00  6.583556E+01
  8.056581E+04  2.820000E+00  6.522074E+01
  8.028623E+04  2.825000E+00  6.463310E+01
  7.989884E+04  2.830000E+00  6.417032E+01
  7.945238E+04  2.835000E+00  6.389771E+01
  7.900738E+04  2.840000E+00  6.383918E+01
  7.862255E+04  2.845000E+00  6.397952E+01
  7.834351E+04  2.850000E+00  6.427165E+01
  7.819558E+04  2.855000E+00  6.464435E+01
  7.818064E+04  2.860000E+00  6.501046E+01
  7.827690E+04  2.865000E+00  6.527890E+01
  7.844182E+04  2.870000E+00  6.537269E+01
  7.861871E+04  2.875000E+00  6.525011E+01
  7.874742E+04  2.880000E+00  6.492043E+01
  7.877790E+04  2.885000E+00  6.444484E+01
  7.868274E+04  2.890000E+00  6.391956E+01
  7.846430E+04  2.895000E+00  6.344686E+01
  7.815331E+04  2.900000E+00  6.310605E+01
  7.779944E+04  2.905000E+00  6.293521E+01
  7.745724E+04  2.910000E+00  6.292720E+01
  7.717235E+04  2.915000E+00  6.303707E+01
  7.697158E+04  2.920000E+00  6.319513E+01
  7.685846E+04  2.925000E+00  6.332110E+01
  7.681370E+04  2.930000E+00  6.333856E+01
  7.679989E+04  2.935000E+00  6.318981E+01
  7.676915E+04  2.940000E+00  6.285018E+01
  7.667337E+04  2.945000E+00  6.233759E+01
  7.647529E+04  2.950000E+00  6.171209E+01
  7.615825E+04  2.955000E+00  6.106320E+01
  7.573159E+04  2.960000E+00  6.048787E+01
  7.522963E+04  2.965000E+00  6.006703E+01
  7.470424E+04  2.970000E+00  5.984835E+01
  7.421335E+04  2.975000E+00  5.983903E+01
  7.380866E+04  2.980000E+00  6.000759E+01
  7.352567E+04  2.985000E+00  6.029140E+01
  7.337740E+04  2.990000E+00  6.060742E+01
  7.335241E+04  2.995000E+00  6.086558E+01
  7.341670E+04  3.000000E+00  6.098507E+01
  7.351964E+04  3.005000E+00  6.091233E+01
  7.360335E+04  3.010000E+00  6.063632E+01
  7.361477E+04  3.015000E+00  6.019436E+01
  7.351771E+04  3.020000E+00  5.966427E+01
  7.330177E+04  3.025000E+00  5.914371E+01
  7.298472E+04  3.030000E+00  5.872357E+01
  7.260750E+04  3.035000E+00  5.846468E+01
  7.222312E+04  3.040000E+00  5.838455E+01
  7.188295E+04  3.045000E+00  5.845622E+01
  7.162436E+04  3.050000E+00  5.861720E+01
  7.146244E+04  3.055000E+00  5.878490E+01
  7.138739E+04  3.060000E+00  5.887513E+01
  7.136746E+04  3.065000E+00  5.882046E+01
  7.135653E+04  3.070000E+00  5.858544E+01
  7.130482E+04  3.075000E+00  5.817534E+01
  7.117037E+04  3.080000E+00  5.763595E+01
  7.092903E+04  3.085000E+00  5.704404E+01
  7.058053E+04  3.090000E+00  5.649057E+01
  7.014919E+04  3.095000E+00  5.606100E+01
  6.967914E+04  3.100000E+00  5.581767E+01
  6.922532E+04  3.105000E+00  5.578771E+01
  6.884221E+04  3.110000E+00  5.595808E+01
  6.857302E+04  3.115000E+00  5.627764E+01
  6.844094E+04  3.120000E+00  5.666588E+01
  6.844421E+04  3.125000E+00  5.702757E+01
  6.855579E+04  3.130000E+00  5.727185E+01
  6.872806E+04  3.135000E+00  5.733285E+01
  6.890216E+04  3.140000E+00  5.718659E+01
  6.902059E+04  3.145000E+00  5.685842E+01
  6.904021E+04  3.150000E+00  5.641761E+01
  6.894231E+04  3.155000E+00  5.595979E+01
  6.873689E+04  3.160000E+00  5.558278E+01
  6.845976E+04  3.165000E+00  5.536272E+01
  6.816331E+04  3.170000E+00  5.533678E+01
  6.790360E+04  3.175000E+00  5.549546E+01
  6.772690E+04  3.180000E+00  5.578504E+01
  6.765888E+04  3.185000E+00  5.611942E+01
  6.769844E+04  3.190000E+00  5.639957E+01
  6.781766E+04  3.195000E+00  5.653709E+01
  6.796813E+04  3.200000E+00  5.647651E+01
  6.809230E+04  3.205000E+00  5.620995E+01
  6.813758E+04  3.210000E+00  5.577929E+01
  6.806928E+04  3.215000E+00  5.526578E+01
  6.787928E+04  3.220000E+00  5.477080E+01
  6.758813E+04  3.225000E+00  5.439408E+01
  6.724076E+04  3.230000E+00  5.421458E+01
  6.689719E+04  3.235000E+00  5.427589E+01
  6.662061E+04  3.240000E+00  5.457703E+01
  6.646495E+04  3.245000E+00  5.506868E+01
  6.646350E+04  3.250000E+00  5.565690E+01
  6.662040E+04  3.255000E+00  5.621676E+01
  6.690667E+04  3.260000E+00  5.661667E+01
  6.726289E+04  3.265000E+00  5.674948E+01
  6.760930E+04  3.270000E+00  5.656118E+01
  6.786219E+04  3.275000E+00  5.606698E+01
  6.795278E+04  3.280000E+00  5.534835E+01
  6.784337E+04  3.285000E+00  5.453300E+01
  6.753611E+04  3.290000E+00  5.376604E+01
  6.707248E+04  3.295000E+00  5.318209E+01
  6.652471E+04  3.300000E+00  5.288400E+01
  6.598204E+04  3.305000E+00  5.292894E+01
  6.553525E+04  3.310000E+00  5.332002E+01
  6.526173E+04  3.315000E+00  5.400308E+01
  6.521245E+04  3.320000E+00  5.487186E+01
  6.540237E+04  3.325000E+00  5.578530E+01
  6.580662E+04  3.330000E+00  5.659785E+01
  6.636448E+04  3.335000E+00  5.719512E+01
  6.699220E+04  3.340000E+00  5.752240E+01
  6.760191E+04  3.345000E+00  5.759365E+01
  6.812137E+04  3.350000E+00  5.747912E+01
  6.850838E+04  3.355000E+00  5.727953E+01
  6.875600E+04  3.360000E+00  5.709922E+01
  6.888885E+04  3.365000E+00  5.702595E+01
  6.895352E+04  3.370000E+00  5.711791E+01
  6.900647E+04  3.375000E+00  5.739502E+01
  6.910170E+04  3.380000E+00  5.783304E+01
  6.927931E+04  3.385000E+00  5.836323E+01
  6.955591E+04  3.390000E+00  5.888220E+01
  6.991880E+04  3.395000E+00  5.927512E+01
  7.032647E+04  3.400000E+00  5.944764E+01
  7.071703E+04  3.405000E+00  5.935589E+01
  7.102369E+04  3.410000E+00  5.902124E+01
  7.119286E+04  3.415000E+00  5.852311E+01
  7.119892E+04  3.420000E+00  5.797447E+01
  7.105066E+04  3.425000E+00  5.749302E+01
  7.078840E+04  3.430000E+00  5.717948E+01
  7.047448E+04  3.435000E+00  5.710654E+01
  7.018133E+04  3.440000E+00  5.731401E+01
  6.998014E+04  3.445000E+00  5.780425E+01
  6.993088E+04  3.450000E+00  5.853639E+01
  7.007319E+04  3.455000E+00  5.942362E+01
  7.041828E+04  3.460000E+00  6.034177E+01
  7.094367E+04  3.465000E+00  6.115417E+01
  7.159418E+04  3.470000E+00  6.174845E+01
  7.229179E+04  3.475000E+00  6.207119E+01
  7.295347E+04  3.480000E+00  6.214304E+01
  7.351187E+04  3.485000E+00  6.204609E+01
  7.393123E+04  3.490000E+00  6.189087E+01
  7.421261E+04  3.495000E+00  6.178073E+01
  7.438798E+04  3.500000E+00  6.178864E+01
  7.450706E+04  3.505000E+00  6.194971E+01
  7.462316E+04  3.510000E+00  6.226243E+01
  7.478139E+04  3.515000E+00  6.269114E+01
  7.501039E+04  3.520000E+00  6.316877E+01
  7.531671E+04  3.525000E+00  6.360524E+01
  7.568230E+04  3.530000E+00  6.390616E+01
  7.606653E+04  3.535000E+00  6.399964E+01
  7.641445E+04  3.540000E+00  6.386145E+01
  7.667066E+04  3.545000E+00  6.352582E+01
  7.679490E+04  3.550000E+00  6.307571E+01
  7.677402E+04  3.555000E+00  6.261778E+01
  7.662579E+04  3.560000E+00  6.225483E+01
  7.639423E+04  3.565000E+00  6.206683E+01
  7.613923E+04  3.570000E+00  6.210367E+01
  7.592502E+04  3.575000E+00  6.238508E+01
  7.581032E+04  3.580000E+00  6.290000E+01
  7.584079E+04  3.585000E+00  6.360287E+01
  7.604264E+04  3.590000E+00  6.441056E+01
  7.641675E+04  3.595000E+00  6.520885E+01
  7.693486E+04  3.600000E+00  6.587455E+01
  7.754083E+04  3.605000E+00  6.630995E+01
  7.816000E+04  3.610000E+00  6.647599E+01
  7.871613E+04  3.615000E+00  6.640662E+01
  7.915105E+04  3.620000E+00  6.619494E+01
  7.943950E+04  3.625000E+00  6.595759E+01
  7.959298E+04  3.630000E+00  6.579569E+01
  7.965190E+04  3.635000E+00  6.576977E+01
  7.967018E+04  3.640000E+00  6.589417E+01
  7.969942E+04  3.645000E+00  6.614470E+01
  7.977711E+04  3.650000E+00  6.646966E+01
  7.992047E+04  3.655000E+00  6.679903E+01
  8.012473E+04  3.660000E+00  6.705418E+01
  8.036455E+04  3.665000E+00  6.716222E+01
  8.059865E+04  3.670000E+00  6.707554E+01
  8.077827E+04  3.675000E+00  6.678964E+01
  8.085908E+04  3.680000E+00  6.634922E+01
  8.081360E+04  3.685000E+00  6.583763E+01
  8.063986E+04  3.690000E+00  6.535394E+01
  8.036306E+04  3.695000E+00  6.498824E+01
  8.002984E+04  3.700000E+00  6.480507E+01
  7.969798E+04  3.705000E+00  6.483773E+01
  7.942542E+04  3.710000E+00  6.508915E+01
  7.926125E+04  3.715000E+00  6.553319E+01
  7.923918E+04  3.720000E+00  6.611376E+01
  7.937262E+04  3.725000E+00  6.674527E+01
  7.965093E+04  3.730000E+00  6.732120E+01
  8.003789E+04  3.735000E+00  6.773536E+01
  8.047500E+04  3.740000E+00  6.791232E+01
  8.089155E+04  3.745000E+00  6.783486E+01
  8.122075E+04  3.750000E+00  6.755297E+01
  8.141706E+04  3.755000E+00  6.716717E+01
  8.146819E+04  3.760000E+00  6.679291E+01
  8.139635E+04  3.765000E+00  6.652298E+01
  8.124862E+04  3.770000E+00  6.640395E+01
  8.108074E+04  3.775000E+00  6.643236E+01
  8.094100E+04  3.780000E+00  6.656564E+01
  8.085912E+04  3.785000E+00  6.673826E+01
  8.084177E+04  3.790000E+00  6.687670E+01
  8.087369E+04  3.795000E+00  6.691209E+01
  8.092257E+04  3.800000E+00  6.679244E+01
  8.094639E+04  3.805000E+00  6.649494E+01
  8.090251E+04  3.810000E+00  6.603476E+01
  8.075769E+04  3.815000E+00  6.546548E+01
  8.049696E+04  3.820000E+00  6.486818E+01
  8.012876E+04  3.825000E+00  6.433225E+01
  7.968437E+04  3.830000E+00  6.393517E+01
  7.921181E+04  3.835000E+00  6.372820E+01
  7.876613E+04  3.840000E+00  6.373070E+01
  7.839921E+04  3.845000E+00  6.393049E+01
  7.815131E+04  3.850000E+00  6.428617E+01
  7.804500E+04  3.855000E+00  6.472969E+01
  7.808129E+04  3.860000E+00  6.517156E+01
  7.823785E+04  3.865000E+00  6.551325E+01
  7.847027E+04  3.870000E+00  6.566862E+01
  7.871800E+04  3.875000E+00  6.558962E+01
  7.891572E+04  3.880000E+00  6.528531E+01
  7.900854E+04  3.885000E+00  6.482265E+01
  7.896623E+04  3.890000E+00  6.430600E+01
  7.879104E+04  3.895000E+00  6.384301E+01
  7.851558E+04  3.900000E+00  6.351187E+01
  7.819153E+04  3.905000E+00  6.334231E+01
  7.787351E+04  3.910000E+00  6.331437E+01
  7.760413E+04  3.915000E+00  6.337087E+01
  7.740424E+04  3.920000E+00  6.343618E+01
  7.727023E+04  3.925000E+00  6.343497E+01
  7.717733E+04  3.930000E+00  6.330762E+01
  7.708720E+04  3.935000E+00  6.302139E+01
  7.695741E+04  3.940000E+00  6.257691E+01
  7.675131E+04  3.945000E+00  6.200884E+01
  7.644639E+04  3.950000E+00  6.137994E+01
  7.603998E+04  3.955000E+00  6.076892E+01
  7.555073E+04  3.960000E+00  6.025458E+01
  7.501579E+04  3.965000E+00  5.990062E+01
  7.448403E+04  3.970000E+00  5.974439E+01
  7.400710E+04  3.975000E+00  5.979135E+01
  7.363028E+04  3.980000E+00  6.001423E+01
  7.338456E+04  3.985000E+00  6.035592E+01
  7.328098E+04  3.990000E+00  6.073581E+01
  7.330771E+04  3.995000E+00  6.106098E+01
  7.343038E+04  4.000000E+00  6.124326E+01
