lumen_inlet lumen_outlet lumen_wall 
1.232520E1 1.234882E1 3.755186E2 

5.10066E-4 9.17204E-4 2.41737E-3 
7.93231E-4 7.85132E-4 2.44352E-3 
1.13877E-3 1.32927E-3 3.64304E-3 
1.66858E-3 1.82397E-3 5.37401E-3 
2.35484E-3 2.59301E-3 7.40319E-3 
3.19161E-3 3.47650E-3 9.99530E-3 
4.19817E-3 4.54843E-3 1.29736E-2 
5.36442E-3 5.76915E-3 1.64010E-2 
6.69785E-3 7.15781E-3 2.02448E-2 
8.19674E-3 8.70268E-3 2.44998E-2 
9.86216E-3 1.04077E-2 2.91585E-2 
1.16940E-2 1.22685E-2 3.42101E-2 
1.36919E-2 1.42845E-2 3.96466E-2 
1.58553E-2 1.64526E-2 4.54584E-2 
1.81831E-2 1.87707E-2 5.16364E-2 
2.06742E-2 2.12359E-2 5.81711E-2 
2.33271E-2 2.38456E-2 6.50529E-2 
2.61401E-2 2.65966E-2 7.22720E-2 
2.91114E-2 2.94861E-2 7.98186E-2 
3.22388E-2 3.25107E-2 8.76823E-2 
3.55199E-2 3.56671E-2 9.58530E-2 
3.89523E-2 3.89521E-2 1.04320E-1 
4.25333E-2 4.23621E-2 1.13073E-1 
4.62598E-2 4.58936E-2 1.22100E-1 
5.01289E-2 4.95429E-2 1.31392E-1 
5.41373E-2 5.33063E-2 1.40936E-1 
5.82815E-2 5.71800E-2 1.50722E-1 
6.25579E-2 6.11603E-2 1.60738E-1 
6.69627E-2 6.52431E-2 1.70972E-1 
7.14921E-2 6.94247E-2 1.81412E-1 
7.61419E-2 7.37010E-2 1.92046E-1 
8.09078E-2 7.80681E-2 2.02863E-1 
8.57855E-2 8.25219E-2 2.13850E-1 
9.07705E-2 8.70585E-2 2.24995E-1 
9.58580E-2 9.16739E-2 2.36286E-1 
1.01043E-1 9.63640E-2 2.47709E-1 
1.06321E-1 1.01124E-1 2.59253E-1 
1.11686E-1 1.05952E-1 2.70905E-1 
1.17135E-1 1.10843E-1 2.82652E-1 
1.22660E-1 1.15792E-1 2.94481E-1 
1.28257E-1 1.20797E-1 3.06379E-1 
1.33920E-1 1.25853E-1 3.18335E-1 
1.39644E-1 1.30956E-1 3.30334E-1 
1.45423E-1 1.36103E-1 3.42364E-1 
1.51251E-1 1.41289E-1 3.54413E-1 
1.57122E-1 1.46510E-1 3.66467E-1 
1.63030E-1 1.51761E-1 3.78514E-1 
1.68969E-1 1.57039E-1 3.90541E-1 
1.74933E-1 1.62338E-1 4.02535E-1 
1.80916E-1 1.67654E-1 4.14483E-1 
1.86912E-1 1.72982E-1 4.26374E-1 
1.92915E-1 1.78318E-1 4.38194E-1 
1.98917E-1 1.83658E-1 4.49932E-1 
2.04914E-1 1.88997E-1 4.61575E-1 
2.10899E-1 1.94330E-1 4.73111E-1 
2.16865E-1 1.99654E-1 4.84528E-1 
2.22807E-1 2.04964E-1 4.95815E-1 
2.28717E-1 2.10256E-1 5.06959E-1 
2.34591E-1 2.15527E-1 5.17950E-1 
2.40421E-1 2.20770E-1 5.28776E-1 
2.46202E-1 2.25984E-1 5.39425E-1 
2.51928E-1 2.31163E-1 5.49888E-1 
2.57593E-1 2.36303E-1 5.60154E-1 
2.63190E-1 2.41399E-1 5.70211E-1 
2.68715E-1 2.46448E-1 5.80051E-1 
2.74160E-1 2.51445E-1 5.89662E-1 
2.79521E-1 2.56386E-1 5.99037E-1 
2.84793E-1 2.61267E-1 6.08164E-1 
2.89969E-1 2.66082E-1 6.17035E-1 
2.95044E-1 2.70829E-1 6.25641E-1 
3.00014E-1 2.75502E-1 6.33974E-1 
3.04872E-1 2.80098E-1 6.42026E-1 
3.09615E-1 2.84613E-1 6.49787E-1 
3.14237E-1 2.89041E-1 6.57252E-1 
3.18733E-1 2.93380E-1 6.64412E-1 
3.23100E-1 2.97626E-1 6.71260E-1 
3.27332E-1 3.01774E-1 6.77791E-1 
3.31427E-1 3.05821E-1 6.83996E-1 
3.35378E-1 3.09763E-1 6.89871E-1 
3.39183E-1 3.13596E-1 6.95410E-1 
3.42838E-1 3.17316E-1 7.00607E-1 
3.46340E-1 3.20921E-1 7.05458E-1 
3.49684E-1 3.24407E-1 7.09957E-1 
3.52868E-1 3.27770E-1 7.14101E-1 
3.55889E-1 3.31008E-1 7.17885E-1 
3.58743E-1 3.34116E-1 7.21306E-1 
3.61428E-1 3.37091E-1 7.24360E-1 
3.63942E-1 3.39931E-1 7.27046E-1 
3.66282E-1 3.42633E-1 7.29359E-1 
3.68446E-1 3.45193E-1 7.31298E-1 
3.70432E-1 3.47608E-1 7.32862E-1 
3.72238E-1 3.49876E-1 7.34048E-1 
3.73862E-1 3.51995E-1 7.34855E-1 
3.75304E-1 3.53961E-1 7.35284E-1 
3.76562E-1 3.55773E-1 7.35333E-1 
3.77634E-1 3.57428E-1 7.35003E-1 
3.78520E-1 3.58924E-1 7.34294E-1 
3.79220E-1 3.60259E-1 7.33206E-1 
3.79732E-1 3.61433E-1 7.31741E-1 
3.80057E-1 3.62442E-1 7.29901E-1 
3.80194E-1 3.63286E-1 7.27686E-1 
3.80143E-1 3.63964E-1 7.25099E-1 
3.79905E-1 3.64475E-1 7.22144E-1 
3.79480E-1 3.64818E-1 7.18822E-1 
3.78868E-1 3.64992E-1 7.15137E-1 
3.78071E-1 3.64997E-1 7.11092E-1 
3.77089E-1 3.64833E-1 7.06691E-1 
3.75923E-1 3.64500E-1 7.01939E-1 
3.74576E-1 3.63997E-1 6.96840E-1 
3.73048E-1 3.63326E-1 6.91400E-1 
3.71341E-1 3.62487E-1 6.85622E-1 
3.69456E-1 3.61480E-1 6.79513E-1 
3.67397E-1 3.60307E-1 6.73079E-1 
3.65165E-1 3.58968E-1 6.66326E-1 
3.62762E-1 3.57465E-1 6.59260E-1 
3.60191E-1 3.55800E-1 6.51888E-1 
3.57455E-1 3.53973E-1 6.44216E-1 
3.54557E-1 3.51988E-1 6.36253E-1 
3.51500E-1 3.49845E-1 6.28006E-1 
3.48286E-1 3.47546E-1 6.19482E-1 
3.44920E-1 3.45095E-1 6.10690E-1 
3.41404E-1 3.42494E-1 6.01638E-1 
3.37742E-1 3.39745E-1 5.92335E-1 
3.33939E-1 3.36850E-1 5.82790E-1 
3.29997E-1 3.33814E-1 5.73012E-1 
3.25921E-1 3.30638E-1 5.63010E-1 
3.21716E-1 3.27327E-1 5.52793E-1 
3.17385E-1 3.23883E-1 5.42373E-1 
3.12932E-1 3.20310E-1 5.31758E-1 
3.08363E-1 3.16611E-1 5.20959E-1 
3.03682E-1 3.12791E-1 5.09986E-1 
2.98893E-1 3.08854E-1 4.98851E-1 
2.94001E-1 3.04802E-1 4.87563E-1 
2.89012E-1 3.00642E-1 4.76134E-1 
2.83930E-1 2.96376E-1 4.64575E-1 
2.78760E-1 2.92009E-1 4.52896E-1 
2.73508E-1 2.87546E-1 4.41110E-1 
2.68178E-1 2.82991E-1 4.29228E-1 
2.62776E-1 2.78349E-1 4.17262E-1 
2.57308E-1 2.73624E-1 4.05222E-1 
2.51778E-1 2.68822E-1 3.93122E-1 
2.46192E-1 2.63946E-1 3.80972E-1 
2.40555E-1 2.59003E-1 3.68785E-1 
2.34874E-1 2.53997E-1 3.56572E-1 
2.29154E-1 2.48933E-1 3.44346E-1 
2.23399E-1 2.43817E-1 3.32119E-1 
2.17617E-1 2.38653E-1 3.19903E-1 
2.11812E-1 2.33447E-1 3.07709E-1 
2.05990E-1 2.28204E-1 2.95551E-1 
2.00157E-1 2.22931E-1 2.83439E-1 
1.94318E-1 2.17631E-1 2.71387E-1 
1.88480E-1 2.12311E-1 2.59406E-1 
1.82647E-1 2.06976E-1 2.47507E-1 
1.76825E-1 2.01632E-1 2.35704E-1 
1.71021E-1 1.96285E-1 2.24008E-1 
1.65239E-1 1.90939E-1 2.12430E-1 
1.59485E-1 1.85602E-1 2.00983E-1 
1.53764E-1 1.80279E-1 1.89677E-1 
1.48083E-1 1.74975E-1 1.78526E-1 
1.42446E-1 1.69697E-1 1.67539E-1 
1.36858E-1 1.64451E-1 1.56729E-1 
1.31326E-1 1.59243E-1 1.46107E-1 
1.25854E-1 1.54081E-1 1.35685E-1 
1.20448E-1 1.48972E-1 1.25474E-1 
1.15112E-1 1.43923E-1 1.15486E-1 
1.09852E-1 1.38947E-1 1.05733E-1 
1.04672E-1 1.34055E-1 9.62290E-2 
9.95787E-2 1.29269E-1 8.69918E-2 
9.45749E-2 1.24616E-1 7.80551E-2 
8.96662E-2 1.20129E-1 6.94620E-2 
8.48572E-2 1.15854E-1 6.12731E-2 
8.01522E-2 1.11872E-1 5.35364E-2 
7.55559E-2 1.08188E-1 4.63360E-2 
7.10725E-2 1.04757E-1 3.98302E-2 
6.67063E-2 1.01586E-1 3.41075E-2 
6.24613E-2 9.86541E-2 2.93879E-2 
5.83416E-2 9.58905E-2 2.58723E-2 
5.43511E-2 9.32863E-2 2.36159E-2 
5.04936E-2 9.08504E-2 2.26064E-2 
4.67727E-2 8.86072E-2 2.26268E-2 
4.31920E-2 8.66037E-2 2.35927E-2 
3.97549E-2 8.47657E-2 2.52102E-2 
3.64648E-2 8.29998E-2 2.72454E-2 
3.33248E-2 8.12782E-2 2.95674E-2 
3.03381E-2 7.96027E-2 3.20595E-2 
2.75075E-2 7.79714E-2 3.45712E-2 
2.48359E-2 7.63568E-2 3.69841E-2 
2.23260E-2 7.47507E-2 3.92140E-2 
1.99805E-2 7.31485E-2 4.12138E-2 
1.78017E-2 7.15426E-2 4.29336E-2 
1.57923E-2 6.99240E-2 4.43494E-2 
1.39551E-2 6.82841E-2 4.54443E-2 
1.22943E-2 6.66165E-2 4.61991E-2 
1.08207E-2 6.49164E-2 4.66066E-2 
9.55475E-3 6.31805E-2 4.66639E-2 
8.49480E-3 6.14064E-2 4.63646E-2 
7.61396E-3 5.95926E-2 4.57011E-2 
6.89287E-3 5.77382E-2 4.46677E-2 
6.30765E-3 5.58432E-2 4.32638E-2 
5.83360E-3 5.39080E-2 4.14914E-2 
5.46558E-3 5.19342E-2 3.93546E-2 
5.23091E-3 4.99242E-2 3.68619E-2 
5.17734E-3 4.78818E-2 3.40301E-2 
5.32634E-3 4.58124E-2 3.08876E-2 
5.71428E-3 4.37233E-2 2.74823E-2 
6.29975E-3 4.16251E-2 2.38872E-2 
7.07143E-3 3.95330E-2 2.02296E-2 
8.02767E-3 3.74702E-2 1.67148E-2 
9.16715E-3 3.54772E-2 1.37486E-2 
1.04884E-2 3.36323E-2 1.19018E-2 
1.19900E-2 3.20593E-2 1.19664E-2 
1.36707E-2 3.08924E-2 1.43352E-2 
1.55291E-2 3.04491E-2 1.86706E-2 
1.75641E-2 3.09396E-2 2.43930E-2 
1.97741E-2 3.19861E-2 3.09859E-2 
2.21571E-2 3.34457E-2 3.81769E-2 
2.47107E-2 3.52011E-2 4.58108E-2 
2.74323E-2 3.71792E-2 5.37959E-2 
3.03190E-2 3.93538E-2 6.20957E-2 
3.33679E-2 4.17121E-2 7.06912E-2 
3.65761E-2 4.42457E-2 7.95688E-2 
3.99404E-2 4.69480E-2 8.87166E-2 
4.34576E-2 4.98136E-2 9.81238E-2 
4.71244E-2 5.28371E-2 1.07780E-1 
5.09374E-2 5.60138E-2 1.17674E-1 
5.48931E-2 5.93386E-2 1.27797E-1 
5.89876E-2 6.28066E-2 1.38137E-1 
6.32173E-2 6.64123E-2 1.48684E-1 
6.75781E-2 7.01503E-2 1.59427E-1 
7.20659E-2 7.40148E-2 1.70355E-1 
7.66765E-2 7.79999E-2 1.81458E-1 
8.14054E-2 8.20997E-2 1.92723E-1 
8.62483E-2 8.63083E-2 2.04140E-1 
9.12004E-2 9.06200E-2 2.15696E-1 
9.62569E-2 9.50292E-2 2.27381E-1 
1.01412E-1 9.95303E-2 2.39183E-1 
1.06663E-1 1.04118E-1 2.51089E-1 
1.12003E-1 1.08787E-1 2.63088E-1 
1.17427E-1 1.13533E-1 2.75168E-1 
1.22929E-1 1.18351E-1 2.87316E-1 
1.28505E-1 1.23235E-1 2.99521E-1 
1.34148E-1 1.28182E-1 3.11770E-1 
1.39853E-1 1.33185E-1 3.24050E-1 
1.45614E-1 1.38242E-1 3.36350E-1 
1.51426E-1 1.43346E-1 3.48658E-1 
1.57281E-1 1.48493E-1 3.60960E-1 
1.63175E-1 1.53678E-1 3.73244E-1 
1.69101E-1 1.58897E-1 3.85499E-1 
1.75053E-1 1.64144E-1 3.97712E-1 
1.81025E-1 1.69415E-1 4.09870E-1 
1.87010E-1 1.74705E-1 4.21962E-1 
1.93003E-1 1.80007E-1 4.33976E-1 
1.98996E-1 1.85318E-1 4.45899E-1 
2.04985E-1 1.90632E-1 4.57719E-1 
2.10962E-1 1.95943E-1 4.69426E-1 
2.16921E-1 2.01248E-1 4.81007E-1 
2.22857E-1 2.06541E-1 4.92450E-1 
2.28761E-1 2.11817E-1 5.03745E-1 
2.34630E-1 2.17072E-1 5.14880E-1 
2.40455E-1 2.22302E-1 5.25844E-1 
2.46232E-1 2.27501E-1 5.36626E-1 
2.51954E-1 2.32665E-1 5.47216E-1 
2.57615E-1 2.37791E-1 5.57603E-1 
2.63209E-1 2.42872E-1 5.67778E-1 
2.68731E-1 2.47906E-1 5.77730E-1 
2.74174E-1 2.52887E-1 5.87449E-1 
2.79533E-1 2.57811E-1 5.96926E-1 
2.84802E-1 2.62673E-1 6.06152E-1 
2.89976E-1 2.67471E-1 6.15117E-1 
2.95050E-1 2.72198E-1 6.23814E-1 
3.00018E-1 2.76851E-1 6.32234E-1 
3.04875E-1 2.81425E-1 6.40368E-1 
3.09617E-1 2.85917E-1 6.48209E-1 
3.14238E-1 2.90323E-1 6.55750E-1 
3.18733E-1 2.94638E-1 6.62982E-1 
3.23099E-1 2.98858E-1 6.69900E-1 
3.27331E-1 3.02980E-1 6.76497E-1 
3.31425E-1 3.07000E-1 6.82767E-1 
3.35376E-1 3.10913E-1 6.88703E-1 
3.39181E-1 3.14717E-1 6.94299E-1 
3.42836E-1 3.18408E-1 6.99552E-1 
3.46337E-1 3.21982E-1 7.04456E-1 
3.49681E-1 3.25436E-1 7.09006E-1 
3.52865E-1 3.28767E-1 7.13198E-1 
3.55885E-1 3.31971E-1 7.17028E-1 
3.58739E-1 3.35046E-1 7.20493E-1 
3.61425E-1 3.37988E-1 7.23589E-1 
3.63939E-1 3.40793E-1 7.26315E-1 
3.66279E-1 3.43460E-1 7.28666E-1 
3.68442E-1 3.45986E-1 7.30642E-1 
3.70428E-1 3.48367E-1 7.32240E-1 
3.72235E-1 3.50602E-1 7.33459E-1 
3.73859E-1 3.52687E-1 7.34298E-1 
3.75301E-1 3.54620E-1 7.34757E-1 
3.76559E-1 3.56400E-1 7.34834E-1 
3.77631E-1 3.58023E-1 7.34531E-1 
3.78518E-1 3.59489E-1 7.33847E-1 
3.79217E-1 3.60795E-1 7.32784E-1 
3.79730E-1 3.61939E-1 7.31342E-1 
3.80054E-1 3.62921E-1 7.29523E-1 
3.80191E-1 3.63738E-1 7.27330E-1 
3.80141E-1 3.64391E-1 7.24763E-1 
3.79903E-1 3.64877E-1 7.21826E-1 
3.79478E-1 3.65196E-1 7.18521E-1 
3.78866E-1 3.65348E-1 7.14853E-1 
3.78069E-1 3.65332E-1 7.10824E-1 
3.77087E-1 3.65147E-1 7.06438E-1 
3.75922E-1 3.64794E-1 7.01700E-1 
3.74574E-1 3.64273E-1 6.96614E-1 
3.73046E-1 3.63585E-1 6.91186E-1 
3.71339E-1 3.62729E-1 6.85420E-1 
3.69455E-1 3.61706E-1 6.79323E-1 
3.67396E-1 3.60518E-1 6.72899E-1 
3.65163E-1 3.59165E-1 6.66156E-1 
3.62761E-1 3.57649E-1 6.59099E-1 
3.60190E-1 3.55971E-1 6.51736E-1 
3.57454E-1 3.54133E-1 6.44073E-1 
3.54556E-1 3.52136E-1 6.36118E-1 
3.51499E-1 3.49983E-1 6.27878E-1 
3.48285E-1 3.47675E-1 6.19361E-1 
3.44919E-1 3.45214E-1 6.10575E-1 
3.41403E-1 3.42604E-1 6.01530E-1 
3.37741E-1 3.39847E-1 5.92232E-1 
3.33938E-1 3.36945E-1 5.82693E-1 
3.29996E-1 3.33901E-1 5.72919E-1 
3.25921E-1 3.30719E-1 5.62922E-1 
3.21715E-1 3.27401E-1 5.52711E-1 
3.17384E-1 3.23951E-1 5.42294E-1 
3.12932E-1 3.20373E-1 5.31683E-1 
3.08362E-1 3.16669E-1 5.20888E-1 
3.03681E-1 3.12844E-1 5.09919E-1 
2.98892E-1 3.08902E-1 4.98787E-1 
2.94001E-1 3.04847E-1 4.87503E-1 
2.89012E-1 3.00682E-1 4.76077E-1 
2.83930E-1 2.96412E-1 4.64520E-1 
2.78760E-1 2.92042E-1 4.52845E-1 
2.73507E-1 2.87576E-1 4.41061E-1 
2.68178E-1 2.83018E-1 4.29182E-1 
2.62776E-1 2.78373E-1 4.17217E-1 
2.57307E-1 2.73645E-1 4.05180E-1 
2.51777E-1 2.68840E-1 3.93082E-1 
2.46191E-1 2.63963E-1 3.80934E-1 
2.40555E-1 2.59017E-1 3.68748E-1 
2.34874E-1 2.54009E-1 3.56538E-1 
2.29153E-1 2.48943E-1 3.44314E-1 
2.23399E-1 2.43825E-1 3.32088E-1 
2.17617E-1 2.38659E-1 3.19873E-1 
2.11812E-1 2.33452E-1 3.07681E-1 
2.05990E-1 2.28208E-1 2.95524E-1 
2.00157E-1 2.22933E-1 2.83414E-1 
1.94318E-1 2.17632E-1 2.71363E-1 
1.88480E-1 2.12310E-1 2.59382E-1 
1.82647E-1 2.06975E-1 2.47485E-1 
1.76825E-1 2.01630E-1 2.35683E-1 
1.71021E-1 1.96281E-1 2.23988E-1 
1.65239E-1 1.90935E-1 2.12411E-1 
1.59485E-1 1.85597E-1 2.00964E-1 
1.53764E-1 1.80273E-1 1.89660E-1 
1.48083E-1 1.74969E-1 1.78509E-1 
1.42445E-1 1.69691E-1 1.67523E-1 
1.36858E-1 1.64445E-1 1.56714E-1 
1.31326E-1 1.59238E-1 1.46093E-1 
1.25854E-1 1.54076E-1 1.35672E-1 
1.20448E-1 1.48968E-1 1.25461E-1 
1.15112E-1 1.43921E-1 1.15474E-1 
1.09852E-1 1.38948E-1 1.05722E-1 
1.04672E-1 1.34061E-1 9.62192E-2 
9.95785E-2 1.29280E-1 8.69839E-2 
9.45748E-2 1.24634E-1 7.80483E-2 
8.96661E-2 1.20154E-1 6.94534E-2 
8.48570E-2 1.15890E-1 6.12637E-2 
8.01521E-2 1.11923E-1 5.35319E-2 
7.55558E-2 1.08247E-1 4.63360E-2 
7.10724E-2 1.04825E-1 3.98316E-2 
6.67062E-2 1.01658E-1 3.41134E-2 
6.24612E-2 9.87215E-2 2.93990E-2 
5.83415E-2 9.59506E-2 2.58908E-2 
5.43510E-2 9.33339E-2 2.36440E-2 
5.04935E-2 9.08803E-2 2.26385E-2 
4.67726E-2 8.86154E-2 2.26641E-2 
4.31919E-2 8.65818E-2 2.36435E-2 
3.97548E-2 8.47331E-2 2.52628E-2 
3.64647E-2 8.29636E-2 2.72905E-2 
3.33248E-2 8.12395E-2 2.96015E-2 
3.03380E-2 7.95552E-2 3.20853E-2 
2.75075E-2 7.79149E-2 3.45904E-2 
2.48359E-2 7.62958E-2 3.70000E-2 
2.23260E-2 7.46858E-2 3.92278E-2 
1.99804E-2 7.30794E-2 4.12252E-2 
1.78017E-2 7.14700E-2 4.29440E-2 
1.57923E-2 6.98487E-2 4.43589E-2 
1.39551E-2 6.82069E-2 4.54531E-2 
1.22943E-2 6.65379E-2 4.62074E-2 
1.08207E-2 6.48368E-2 4.66144E-2 
9.55485E-3 6.31001E-2 4.66709E-2 
8.49493E-3 6.13254E-2 4.63710E-2 
7.61412E-3 5.95111E-2 4.57071E-2 
6.89306E-3 5.76564E-2 4.46736E-2 
6.30786E-3 5.57610E-2 4.32699E-2 
5.83384E-3 5.38257E-2 4.14974E-2 
5.46585E-3 5.18517E-2 3.93606E-2 
5.23121E-3 4.98417E-2 3.68678E-2 
5.17765E-3 4.77994E-2 3.40362E-2 
5.32664E-3 4.57301E-2 3.08938E-2 
5.71460E-3 4.36414E-2 2.74901E-2 
6.30006E-3 4.15437E-2 2.38987E-2 
7.07173E-3 3.94525E-2 2.02471E-2 
8.02796E-3 3.73921E-2 1.67455E-2 
9.16742E-3 3.54057E-2 1.37837E-2 
1.04886E-2 3.35765E-2 1.19232E-2 
1.19902E-2 3.20184E-2 1.19620E-2 
1.36709E-2 3.08731E-2 1.43203E-2 
1.55293E-2 3.04339E-2 1.86544E-2 
1.75643E-2 3.09007E-2 2.43784E-2 
1.97742E-2 3.19400E-2 3.09698E-2 
2.21572E-2 3.34003E-2 3.81635E-2 
2.47108E-2 3.51605E-2 4.58003E-2 
2.74323E-2 3.71427E-2 5.37871E-2 
3.03190E-2 3.93208E-2 6.20880E-2 
3.33679E-2 4.16822E-2 7.06842E-2 
3.65761E-2 4.42186E-2 7.95623E-2 
3.99404E-2 4.69235E-2 8.87106E-2 
4.34576E-2 4.97915E-2 9.81182E-2 
4.71244E-2 5.28174E-2 1.07774E-1 
5.09374E-2 5.59962E-2 1.17669E-1 
5.48931E-2 5.93231E-2 1.27792E-1 
5.89876E-2 6.27928E-2 1.38132E-1 
6.32173E-2 6.64002E-2 1.48680E-1 
6.75781E-2 7.01396E-2 1.59423E-1 
7.20659E-2 7.40053E-2 1.70352E-1 
7.66764E-2 7.79915E-2 1.81454E-1 
8.14054E-2 8.20922E-2 1.92719E-1 
8.62483E-2 8.63016E-2 2.04136E-1 
9.12003E-2 9.06140E-2 2.15693E-1 
9.62568E-2 9.50237E-2 2.27378E-1 
1.01412E-1 9.95254E-2 2.39180E-1 
1.06663E-1 1.04113E-1 2.51086E-1 
1.12003E-1 1.08783E-1 2.63085E-1 
1.17427E-1 1.13529E-1 2.75165E-1 
1.22929E-1 1.18348E-1 2.87313E-1 
1.28505E-1 1.23232E-1 2.99518E-1 
1.34148E-1 1.28179E-1 3.11767E-1 
1.39853E-1 1.33184E-1 3.24048E-1 
1.45614E-1 1.38241E-1 3.36348E-1 
1.51426E-1 1.43345E-1 3.48655E-1 
1.57281E-1 1.48493E-1 3.60957E-1 
1.63175E-1 1.53679E-1 3.73242E-1 
1.69101E-1 1.58898E-1 3.85497E-1 
1.75053E-1 1.64147E-1 3.97710E-1 
1.81025E-1 1.69418E-1 4.09868E-1 
1.87010E-1 1.74708E-1 4.21960E-1 
1.93003E-1 1.80012E-1 4.33974E-1 
1.98996E-1 1.85323E-1 4.45897E-1 
2.04985E-1 1.90637E-1 4.57718E-1 
2.10962E-1 1.95949E-1 4.69424E-1 
2.16921E-1 2.01253E-1 4.81005E-1 
2.22857E-1 2.06546E-1 4.92449E-1 
2.28761E-1 2.11822E-1 5.03743E-1 
2.34630E-1 2.17078E-1 5.14878E-1 
2.40455E-1 2.22307E-1 5.25842E-1 
2.46232E-1 2.27506E-1 5.36625E-1 
2.51954E-1 2.32671E-1 5.47215E-1 
2.57615E-1 2.37796E-1 5.57602E-1 
2.63209E-1 2.42877E-1 5.67777E-1 
2.68731E-1 2.47910E-1 5.77729E-1 
2.74174E-1 2.52891E-1 5.87448E-1 
2.79533E-1 2.57815E-1 5.96925E-1 
2.84802E-1 2.62677E-1 6.06151E-1 
2.89976E-1 2.67474E-1 6.15116E-1 
2.95050E-1 2.72201E-1 6.23813E-1 
3.00018E-1 2.76853E-1 6.32233E-1 
3.04875E-1 2.81428E-1 6.40367E-1 
3.09617E-1 2.85919E-1 6.48209E-1 
3.14238E-1 2.90325E-1 6.55749E-1 
3.18733E-1 2.94639E-1 6.62982E-1 
3.23099E-1 2.98859E-1 6.69900E-1 
3.27331E-1 3.02981E-1 6.76497E-1 
3.31425E-1 3.07000E-1 6.82766E-1 
3.35376E-1 3.10913E-1 6.88702E-1 
3.39181E-1 3.14717E-1 6.94299E-1 
3.42836E-1 3.18408E-1 6.99552E-1 
3.46337E-1 3.21982E-1 7.04456E-1 
3.49681E-1 3.25436E-1 7.09006E-1 
3.52865E-1 3.28767E-1 7.13198E-1 
3.55885E-1 3.31971E-1 7.17028E-1 
3.58739E-1 3.35045E-1 7.20493E-1 
3.61425E-1 3.37987E-1 7.23589E-1 
3.63939E-1 3.40792E-1 7.26315E-1 
3.66279E-1 3.43459E-1 7.28666E-1 
3.68442E-1 3.45985E-1 7.30642E-1 
3.70428E-1 3.48366E-1 7.32240E-1 
3.72235E-1 3.50600E-1 7.33459E-1 
3.73859E-1 3.52686E-1 7.34298E-1 
3.75301E-1 3.54619E-1 7.34757E-1 
3.76559E-1 3.56399E-1 7.34835E-1 
3.77631E-1 3.58022E-1 7.34531E-1 
3.78518E-1 3.59488E-1 7.33848E-1 
3.79217E-1 3.60794E-1 7.32784E-1 
3.79730E-1 3.61938E-1 7.31343E-1 
3.80054E-1 3.62920E-1 7.29524E-1 
3.80191E-1 3.63737E-1 7.27330E-1 
3.80141E-1 3.64390E-1 7.24763E-1 
3.79903E-1 3.64876E-1 7.21826E-1 
3.79478E-1 3.65195E-1 7.18522E-1 
3.78866E-1 3.65347E-1 7.14853E-1 
3.78069E-1 3.65331E-1 7.10824E-1 
3.77087E-1 3.65147E-1 7.06438E-1 
3.75922E-1 3.64794E-1 7.01700E-1 
3.74574E-1 3.64273E-1 6.96615E-1 
3.73046E-1 3.63584E-1 6.91187E-1 
3.71339E-1 3.62729E-1 6.85421E-1 
3.69455E-1 3.61706E-1 6.79323E-1 
3.67396E-1 3.60518E-1 6.72900E-1 
3.65163E-1 3.59165E-1 6.66157E-1 
3.62761E-1 3.57649E-1 6.59100E-1 
3.60190E-1 3.55971E-1 6.51736E-1 
3.57454E-1 3.54133E-1 6.44073E-1 
3.54556E-1 3.52136E-1 6.36118E-1 
3.51499E-1 3.49983E-1 6.27878E-1 
3.48285E-1 3.47675E-1 6.19361E-1 
3.44919E-1 3.45215E-1 6.10576E-1 
3.41403E-1 3.42605E-1 6.01530E-1 
3.37741E-1 3.39847E-1 5.92233E-1 
3.33938E-1 3.36946E-1 5.82693E-1 
3.29996E-1 3.33902E-1 5.72920E-1 
3.25921E-1 3.30720E-1 5.62923E-1 
3.21715E-1 3.27402E-1 5.52711E-1 
3.17384E-1 3.23952E-1 5.42295E-1 
3.12932E-1 3.20374E-1 5.31684E-1 
3.08362E-1 3.16670E-1 5.20889E-1 
3.03681E-1 3.12845E-1 5.09920E-1 
2.98892E-1 3.08903E-1 4.98788E-1 
2.94001E-1 3.04848E-1 4.87503E-1 
2.89012E-1 3.00683E-1 4.76077E-1 
2.83930E-1 2.96413E-1 4.64521E-1 
2.78760E-1 2.92043E-1 4.52845E-1 
2.73507E-1 2.87577E-1 4.41062E-1 
2.68178E-1 2.83019E-1 4.29182E-1 
2.62776E-1 2.78374E-1 4.17218E-1 
2.57307E-1 2.73647E-1 4.05181E-1 
2.51777E-1 2.68842E-1 3.93082E-1 
2.46191E-1 2.63964E-1 3.80934E-1 
2.40555E-1 2.59019E-1 3.68749E-1 
2.34874E-1 2.54011E-1 3.56538E-1 
2.29153E-1 2.48945E-1 3.44314E-1 
2.23399E-1 2.43827E-1 3.32089E-1 
2.17617E-1 2.38661E-1 3.19874E-1 
2.11812E-1 2.33454E-1 3.07682E-1 
2.05990E-1 2.28210E-1 2.95525E-1 
2.00157E-1 2.22934E-1 2.83414E-1 
1.94318E-1 2.17633E-1 2.71363E-1 
1.88480E-1 2.12312E-1 2.59383E-1 
1.82647E-1 2.06976E-1 2.47486E-1 
1.76825E-1 2.01631E-1 2.35684E-1 
1.71021E-1 1.96283E-1 2.23988E-1 
1.65239E-1 1.90937E-1 2.12411E-1 
1.59485E-1 1.85599E-1 2.00965E-1 
1.53764E-1 1.80275E-1 1.89660E-1 
1.48083E-1 1.74971E-1 1.78510E-1 
1.42445E-1 1.69693E-1 1.67524E-1 
1.36858E-1 1.64447E-1 1.56715E-1 
1.31326E-1 1.59240E-1 1.46094E-1 
1.25854E-1 1.54078E-1 1.35672E-1 
1.20448E-1 1.48970E-1 1.25462E-1 
1.15112E-1 1.43923E-1 1.15475E-1 
1.09852E-1 1.38950E-1 1.05723E-1 
1.04672E-1 1.34063E-1 9.62202E-2 
9.95785E-2 1.29282E-1 8.69850E-2 
9.45748E-2 1.24636E-1 7.80495E-2 
8.96661E-2 1.20156E-1 6.94549E-2 
8.48570E-2 1.15891E-1 6.12653E-2 
8.01521E-2 1.11924E-1 5.35337E-2 
7.55558E-2 1.08248E-1 4.63382E-2 
7.10724E-2 1.04826E-1 3.98343E-2 
6.67062E-2 1.01659E-1 3.41169E-2 
6.24612E-2 9.87227E-2 2.94043E-2 
5.83415E-2 9.59520E-2 2.58975E-2 
5.43510E-2 9.33358E-2 2.36516E-2 
5.04935E-2 9.08827E-2 2.26463E-2 
4.67726E-2 8.86183E-2 2.26713E-2 
4.31919E-2 8.65854E-2 2.36500E-2 
3.97548E-2 8.47369E-2 2.52684E-2 
3.64647E-2 8.29674E-2 2.72948E-2 
3.33248E-2 8.12432E-2 2.96046E-2 
3.03380E-2 7.95590E-2 3.20875E-2 
2.75075E-2 7.79189E-2 3.45920E-2 
2.48359E-2 7.62999E-2 3.70015E-2 
2.23260E-2 7.46899E-2 3.92291E-2 
1.99804E-2 7.30836E-2 4.12263E-2 
1.78017E-2 7.14743E-2 4.29450E-2 
1.57923E-2 6.98531E-2 4.43598E-2 
1.39551E-2 6.82113E-2 4.54540E-2 
1.22943E-2 6.65423E-2 4.62083E-2 
1.08207E-2 6.48412E-2 4.66152E-2 
9.55485E-3 6.31046E-2 4.66717E-2 
8.49493E-3 6.13299E-2 4.63718E-2 
7.61412E-3 5.95156E-2 4.57080E-2 
6.89306E-3 5.76609E-2 4.46745E-2 
6.30787E-3 5.57656E-2 4.32707E-2 
5.83385E-3 5.38302E-2 4.14983E-2 
5.46585E-3 5.18563E-2 3.93615E-2 
5.23121E-3 4.98463E-2 3.68688E-2 
5.17765E-3 4.78040E-2 3.40372E-2 
5.32664E-3 4.57348E-2 3.08949E-2 
5.71460E-3 4.36460E-2 2.74913E-2 
6.30006E-3 4.15484E-2 2.39002E-2 
7.07173E-3 3.94572E-2 2.02490E-2 
8.02796E-3 3.73968E-2 1.67482E-2 
9.16742E-3 3.54103E-2 1.37874E-2 
1.04886E-2 3.35807E-2 1.19280E-2 
1.19902E-2 3.20222E-2 1.19662E-2 
1.36709E-2 3.08759E-2 1.43229E-2 
1.55293E-2 3.04365E-2 1.86563E-2 
1.75643E-2 3.09043E-2 2.43798E-2 
1.97742E-2 3.19437E-2 3.09709E-2 
2.21572E-2 3.34038E-2 3.81645E-2 
2.47108E-2 3.51636E-2 4.58010E-2 
2.74323E-2 3.71455E-2 5.37876E-2 
3.03190E-2 3.93234E-2 6.20884E-2 
3.33679E-2 4.16845E-2 7.06846E-2 
3.65761E-2 4.42207E-2 7.95626E-2 
3.99404E-2 4.69255E-2 8.87109E-2 
4.34576E-2 4.97934E-2 9.81184E-2 
4.71244E-2 5.28191E-2 1.07774E-1 
5.09374E-2 5.59978E-2 1.17669E-1 
5.48931E-2 5.93245E-2 1.27792E-1 
5.89876E-2 6.27941E-2 1.38133E-1 
6.32173E-2 6.64013E-2 1.48680E-1 
6.75781E-2 7.01406E-2 1.59423E-1 
7.20659E-2 7.40062E-2 1.70352E-1 
7.66764E-2 7.79922E-2 1.81454E-1 
8.14054E-2 8.20929E-2 1.92719E-1 
8.62483E-2 8.63022E-2 2.04136E-1 
9.12003E-2 9.06145E-2 2.15693E-1 
9.62568E-2 9.50242E-2 2.27378E-1 
1.01412E-1 9.95258E-2 2.39180E-1 
1.06663E-1 1.04114E-1 2.51086E-1 
1.12003E-1 1.08783E-1 2.63085E-1 
1.17427E-1 1.13530E-1 2.75165E-1 
1.22929E-1 1.18348E-1 2.87313E-1 
1.28505E-1 1.23232E-1 2.99518E-1 
1.34148E-1 1.28179E-1 3.11767E-1 
1.39853E-1 1.33184E-1 3.24048E-1 
1.45614E-1 1.38240E-1 3.36348E-1 
1.51426E-1 1.43345E-1 3.48655E-1 
1.57281E-1 1.48493E-1 3.60957E-1 
1.63175E-1 1.53679E-1 3.73242E-1 
1.69101E-1 1.58898E-1 3.85497E-1 
1.75053E-1 1.64146E-1 3.97710E-1 
1.81025E-1 1.69418E-1 4.09868E-1 
1.87010E-1 1.74708E-1 4.21960E-1 
1.93003E-1 1.80011E-1 4.33974E-1 
1.98996E-1 1.85322E-1 4.45897E-1 
2.04985E-1 1.90636E-1 4.57718E-1 
2.10962E-1 1.95948E-1 4.69424E-1 
2.16921E-1 2.01253E-1 4.81005E-1 
2.22857E-1 2.06545E-1 4.92449E-1 
2.28761E-1 2.11822E-1 5.03743E-1 
2.34630E-1 2.17077E-1 5.14878E-1 
2.40455E-1 2.22306E-1 5.25842E-1 
2.46232E-1 2.27505E-1 5.36625E-1 
2.51954E-1 2.32670E-1 5.47215E-1 
2.57615E-1 2.37795E-1 5.57602E-1 
2.63209E-1 2.42876E-1 5.67777E-1 
2.68731E-1 2.47909E-1 5.77729E-1 
2.74174E-1 2.52890E-1 5.87448E-1 
2.79533E-1 2.57814E-1 5.96925E-1 
2.84802E-1 2.62676E-1 6.06151E-1 
2.89976E-1 2.67473E-1 6.15117E-1 
2.95050E-1 2.72200E-1 6.23813E-1 
3.00018E-1 2.76853E-1 6.32233E-1 
3.04875E-1 2.81427E-1 6.40367E-1 
3.09617E-1 2.85919E-1 6.48209E-1 
3.14238E-1 2.90324E-1 6.55749E-1 
3.18733E-1 2.94639E-1 6.62982E-1 
3.23099E-1 2.98859E-1 6.69900E-1 
3.27331E-1 3.02980E-1 6.76497E-1 
3.31425E-1 3.07000E-1 6.82766E-1 
3.35376E-1 3.10913E-1 6.88702E-1 
3.39181E-1 3.14717E-1 6.94299E-1 
3.42836E-1 3.18407E-1 6.99552E-1 
3.46337E-1 3.21982E-1 7.04456E-1 
3.49681E-1 3.25436E-1 7.09006E-1 
3.52865E-1 3.28766E-1 7.13198E-1 
3.55885E-1 3.31970E-1 7.17028E-1 
3.58739E-1 3.35045E-1 7.20493E-1 
3.61425E-1 3.37987E-1 7.23589E-1 
3.63939E-1 3.40792E-1 7.26315E-1 
3.66279E-1 3.43459E-1 7.28666E-1 
3.68442E-1 3.45985E-1 7.30642E-1 
3.70428E-1 3.48366E-1 7.32240E-1 
3.72235E-1 3.50600E-1 7.33459E-1 
3.73859E-1 3.52686E-1 7.34298E-1 
3.75301E-1 3.54619E-1 7.34757E-1 
3.76559E-1 3.56399E-1 7.34835E-1 
3.77631E-1 3.58022E-1 7.34531E-1 
3.78518E-1 3.59488E-1 7.33848E-1 
3.79217E-1 3.60794E-1 7.32784E-1 
3.79730E-1 3.61938E-1 7.31343E-1 
3.80054E-1 3.62920E-1 7.29524E-1 
3.80191E-1 3.63738E-1 7.27330E-1 
3.80141E-1 3.64390E-1 7.24763E-1 
3.79903E-1 3.64876E-1 7.21826E-1 
3.79478E-1 3.65196E-1 7.18522E-1 
3.78866E-1 3.65348E-1 7.14853E-1 
3.78069E-1 3.65331E-1 7.10824E-1 
3.77087E-1 3.65147E-1 7.06438E-1 
3.75922E-1 3.64794E-1 7.01700E-1 
3.74574E-1 3.64273E-1 6.96615E-1 
3.73046E-1 3.63585E-1 6.91187E-1 
3.71339E-1 3.62729E-1 6.85421E-1 
3.69455E-1 3.61706E-1 6.79323E-1 
3.67396E-1 3.60518E-1 6.72900E-1 
3.65163E-1 3.59166E-1 6.66157E-1 
3.62761E-1 3.57650E-1 6.59100E-1 
3.60190E-1 3.55972E-1 6.51736E-1 
3.57454E-1 3.54133E-1 6.44073E-1 
3.54556E-1 3.52137E-1 6.36118E-1 
3.51499E-1 3.49983E-1 6.27878E-1 
3.48285E-1 3.47675E-1 6.19361E-1 
3.44919E-1 3.45215E-1 6.10576E-1 
3.41403E-1 3.42605E-1 6.01530E-1 
3.37741E-1 3.39848E-1 5.92233E-1 
3.33938E-1 3.36946E-1 5.82693E-1 
3.29996E-1 3.33902E-1 5.72920E-1 
3.25921E-1 3.30720E-1 5.62923E-1 
3.21715E-1 3.27402E-1 5.52711E-1 
3.17384E-1 3.23952E-1 5.42295E-1 
3.12932E-1 3.20374E-1 5.31684E-1 
3.08362E-1 3.16670E-1 5.20889E-1 
3.03681E-1 3.12846E-1 5.09920E-1 
2.98892E-1 3.08903E-1 4.98788E-1 
2.94001E-1 3.04848E-1 4.87503E-1 
2.89012E-1 3.00683E-1 4.76077E-1 
2.83930E-1 2.96414E-1 4.64521E-1 
2.78760E-1 2.92043E-1 4.52845E-1 
2.73507E-1 2.87577E-1 4.41062E-1 
2.68178E-1 2.83019E-1 4.29182E-1 
2.62776E-1 2.78374E-1 4.17218E-1 
2.57307E-1 2.73647E-1 4.05181E-1 
2.51777E-1 2.68842E-1 3.93082E-1 
2.46191E-1 2.63964E-1 3.80934E-1 
2.40555E-1 2.59019E-1 3.68749E-1 
2.34874E-1 2.54011E-1 3.56538E-1 
2.29153E-1 2.48945E-1 3.44314E-1 
2.23399E-1 2.43827E-1 3.32089E-1 
2.17617E-1 2.38661E-1 3.19874E-1 
2.11812E-1 2.33454E-1 3.07682E-1 
2.05990E-1 2.28210E-1 2.95525E-1 
2.00157E-1 2.22935E-1 2.83414E-1 
1.94318E-1 2.17634E-1 2.71363E-1 
1.88480E-1 2.12313E-1 2.59383E-1 
1.82647E-1 2.06977E-1 2.47486E-1 
1.76825E-1 2.01632E-1 2.35684E-1 
1.71021E-1 1.96283E-1 2.23988E-1 
1.65239E-1 1.90937E-1 2.12411E-1 
1.59485E-1 1.85600E-1 2.00965E-1 
1.53764E-1 1.80276E-1 1.89660E-1 
1.48083E-1 1.74971E-1 1.78510E-1 
1.42445E-1 1.69693E-1 1.67524E-1 
1.36858E-1 1.64447E-1 1.56715E-1 
1.31326E-1 1.59240E-1 1.46094E-1 
1.25854E-1 1.54078E-1 1.35672E-1 
1.20448E-1 1.48970E-1 1.25462E-1 
1.15112E-1 1.43924E-1 1.15475E-1 
1.09852E-1 1.38950E-1 1.05723E-1 
1.04672E-1 1.34063E-1 9.62202E-2 
9.95785E-2 1.29282E-1 8.69850E-2 
9.45748E-2 1.24636E-1 7.80495E-2 
8.96661E-2 1.20156E-1 6.94550E-2 
8.48570E-2 1.15891E-1 6.12655E-2 
8.01521E-2 1.11924E-1 5.35339E-2 
7.55558E-2 1.08249E-1 4.63386E-2 
7.10724E-2 1.04826E-1 3.98347E-2 
6.67062E-2 1.01660E-1 3.41174E-2 
6.24612E-2 9.87233E-2 2.94049E-2 
5.83415E-2 9.59527E-2 2.58982E-2 
5.43510E-2 9.33366E-2 2.36523E-2 
5.04935E-2 9.08836E-2 2.26470E-2 
4.67726E-2 8.86191E-2 2.26719E-2 
4.31919E-2 8.65861E-2 2.36506E-2 
3.97548E-2 8.47376E-2 2.52689E-2 
3.64647E-2 8.29680E-2 2.72951E-2 
3.33248E-2 8.12438E-2 2.96049E-2 
3.03380E-2 7.95595E-2 3.20877E-2 
2.75075E-2 7.79193E-2 3.45922E-2 
2.48359E-2 7.63004E-2 3.70016E-2 
2.23260E-2 7.46903E-2 3.92293E-2 
1.99804E-2 7.30840E-2 4.12264E-2 
1.78017E-2 7.14747E-2 4.29451E-2 
1.57923E-2 6.98534E-2 4.43599E-2 
1.39551E-2 6.82117E-2 4.54541E-2 
1.22943E-2 6.65427E-2 4.62084E-2 
1.08207E-2 6.48416E-2 4.66153E-2 
9.55485E-3 6.31049E-2 4.66718E-2 
8.49493E-3 6.13303E-2 4.63719E-2 
7.61412E-3 5.95160E-2 4.57081E-2 
6.89306E-3 5.76613E-2 4.46746E-2 
6.30787E-3 5.57659E-2 4.32708E-2 
5.83385E-3 5.38306E-2 4.14984E-2 
5.46585E-3 5.18567E-2 3.93616E-2 
5.23121E-3 4.98467E-2 3.68689E-2 
5.17765E-3 4.78044E-2 3.40373E-2 
5.32664E-3 4.57351E-2 3.08951E-2 
5.71460E-3 4.36464E-2 2.74914E-2 
6.30006E-3 4.15487E-2 2.39004E-2 
7.07173E-3 3.94575E-2 2.02492E-2 
8.02796E-3 3.73972E-2 1.67485E-2 
9.16742E-3 3.54106E-2 1.37878E-2 
1.04886E-2 3.35810E-2 1.19285E-2 
1.19902E-2 3.20225E-2 1.19667E-2 
1.36709E-2 3.08763E-2 1.43233E-2 
1.55293E-2 3.04370E-2 1.86567E-2 
1.75643E-2 3.09049E-2 2.43801E-2 
1.97742E-2 3.19443E-2 3.09712E-2 
2.21572E-2 3.34042E-2 3.81646E-2 
2.47108E-2 3.51639E-2 4.58011E-2 
2.74323E-2 3.71458E-2 5.37877E-2 
3.03190E-2 3.93236E-2 6.20884E-2 
3.33679E-2 4.16848E-2 7.06846E-2 
3.65761E-2 4.42210E-2 7.95626E-2 
3.99404E-2 4.69257E-2 8.87108E-2 
4.34576E-2 4.97936E-2 9.81184E-2 
4.71244E-2 5.28193E-2 1.07774E-1 
5.09374E-2 5.59979E-2 1.17669E-1 
5.48931E-2 5.93246E-2 1.27792E-1 
5.89876E-2 6.27942E-2 1.38133E-1 
6.32173E-2 6.64014E-2 1.48680E-1 
6.75781E-2 7.01407E-2 1.59423E-1 
7.20659E-2 7.40063E-2 1.70352E-1 
7.66764E-2 7.79923E-2 1.81454E-1 
8.14054E-2 8.20929E-2 1.92719E-1 
8.62483E-2 8.63022E-2 2.04136E-1 
9.12003E-2 9.06145E-2 2.15693E-1 
9.62568E-2 9.50241E-2 2.27378E-1 
1.01412E-1 9.95257E-2 2.39180E-1 
1.06663E-1 1.04114E-1 2.51086E-1 
1.12003E-1 1.08783E-1 2.63085E-1 
1.17427E-1 1.13530E-1 2.75165E-1 
1.22929E-1 1.18348E-1 2.87313E-1 
1.28505E-1 1.23232E-1 2.99518E-1 
1.34148E-1 1.28179E-1 3.11767E-1 
1.39853E-1 1.33184E-1 3.24048E-1 
1.45614E-1 1.38240E-1 3.36348E-1 
1.51426E-1 1.43345E-1 3.48655E-1 
1.57281E-1 1.48492E-1 3.60957E-1 
1.63175E-1 1.53678E-1 3.73242E-1 
1.69101E-1 1.58898E-1 3.85497E-1 
1.75053E-1 1.64146E-1 3.97710E-1 
1.81025E-1 1.69418E-1 4.09868E-1 
1.87010E-1 1.74708E-1 4.21960E-1 
1.93003E-1 1.80011E-1 4.33974E-1 
1.98996E-1 1.85322E-1 4.45897E-1 
2.04985E-1 1.90636E-1 4.57718E-1 
2.10962E-1 1.95948E-1 4.69424E-1 
2.16921E-1 2.01253E-1 4.81005E-1 
2.22857E-1 2.06545E-1 4.92449E-1 
2.28761E-1 2.11822E-1 5.03743E-1 
2.34630E-1 2.17077E-1 5.14878E-1 
2.40455E-1 2.22306E-1 5.25842E-1 
2.46232E-1 2.27505E-1 5.36625E-1 
2.51954E-1 2.32670E-1 5.47215E-1 
2.57615E-1 2.37795E-1 5.57602E-1 
2.63209E-1 2.42876E-1 5.67777E-1 
2.68731E-1 2.47909E-1 5.77729E-1 
2.74174E-1 2.52890E-1 5.87448E-1 
2.79533E-1 2.57814E-1 5.96925E-1 
2.84802E-1 2.62676E-1 6.06151E-1 
2.89976E-1 2.67473E-1 6.15116E-1 
2.95050E-1 2.72200E-1 6.23813E-1 
3.00018E-1 2.76853E-1 6.32233E-1 
3.04875E-1 2.81427E-1 6.40367E-1 
3.09617E-1 2.85919E-1 6.48209E-1 
3.14238E-1 2.90324E-1 6.55749E-1 
3.18733E-1 2.94639E-1 6.62982E-1 
3.23099E-1 2.98859E-1 6.69900E-1 
3.27331E-1 3.02980E-1 6.76497E-1 
3.31425E-1 3.07000E-1 6.82766E-1 
3.35376E-1 3.10913E-1 6.88702E-1 
3.39181E-1 3.14717E-1 6.94299E-1 
3.42836E-1 3.18408E-1 6.99552E-1 
3.46337E-1 3.21982E-1 7.04456E-1 
3.49681E-1 3.25436E-1 7.09006E-1 
3.52865E-1 3.28766E-1 7.13198E-1 
3.55885E-1 3.31971E-1 7.17028E-1 
3.58739E-1 3.35045E-1 7.20493E-1 
3.61425E-1 3.37987E-1 7.23589E-1 
3.63939E-1 3.40792E-1 7.26315E-1 
3.66279E-1 3.43459E-1 7.28666E-1 
3.68442E-1 3.45985E-1 7.30642E-1 
3.70428E-1 3.48366E-1 7.32240E-1 
3.72235E-1 3.50601E-1 7.33459E-1 
3.73859E-1 3.52686E-1 7.34298E-1 
3.75301E-1 3.54619E-1 7.34757E-1 
3.76559E-1 3.56399E-1 7.34835E-1 
3.77631E-1 3.58022E-1 7.34531E-1 
3.78518E-1 3.59488E-1 7.33848E-1 
3.79217E-1 3.60794E-1 7.32784E-1 
3.79730E-1 3.61938E-1 7.31343E-1 
3.80054E-1 3.62920E-1 7.29524E-1 
3.80191E-1 3.63738E-1 7.27330E-1 
3.80141E-1 3.64390E-1 7.24763E-1 
3.79903E-1 3.64876E-1 7.21826E-1 
3.79478E-1 3.65196E-1 7.18522E-1 
3.78866E-1 3.65348E-1 7.14853E-1 
3.78069E-1 3.65331E-1 7.10824E-1 
3.77087E-1 3.65147E-1 7.06438E-1 
3.75922E-1 3.64794E-1 7.01700E-1 
3.74574E-1 3.64273E-1 6.96615E-1 
3.73046E-1 3.63585E-1 6.91187E-1 
3.71339E-1 3.62729E-1 6.85421E-1 
3.69455E-1 3.61706E-1 6.79323E-1 
3.67396E-1 3.60518E-1 6.72900E-1 
3.65163E-1 3.59166E-1 6.66157E-1 
3.62761E-1 3.57650E-1 6.59100E-1 
3.60190E-1 3.55972E-1 6.51736E-1 
3.57454E-1 3.54133E-1 6.44073E-1 
3.54556E-1 3.52137E-1 6.36118E-1 
3.51499E-1 3.49983E-1 6.27878E-1 
3.48285E-1 3.47675E-1 6.19361E-1 
3.44919E-1 3.45215E-1 6.10576E-1 
3.41403E-1 3.42605E-1 6.01530E-1 
3.37741E-1 3.39848E-1 5.92233E-1 
3.33938E-1 3.36946E-1 5.82693E-1 
3.29996E-1 3.33902E-1 5.72920E-1 
3.25921E-1 3.30720E-1 5.62923E-1 
3.21715E-1 3.27402E-1 5.52711E-1 
3.17384E-1 3.23952E-1 5.42295E-1 
3.12932E-1 3.20374E-1 5.31684E-1 
3.08362E-1 3.16670E-1 5.20889E-1 
3.03681E-1 3.12846E-1 5.09920E-1 
2.98892E-1 3.08903E-1 4.98788E-1 
2.94001E-1 3.04848E-1 4.87503E-1 
2.89012E-1 3.00683E-1 4.76077E-1 
2.83930E-1 2.96414E-1 4.64521E-1 
2.78760E-1 2.92043E-1 4.52845E-1 
2.73507E-1 2.87577E-1 4.41062E-1 
2.68178E-1 2.83019E-1 4.29182E-1 
2.62776E-1 2.78374E-1 4.17218E-1 
2.57307E-1 2.73647E-1 4.05181E-1 
2.51777E-1 2.68842E-1 3.93082E-1 
2.46191E-1 2.63964E-1 3.80934E-1 
2.40555E-1 2.59019E-1 3.68749E-1 
2.34874E-1 2.54011E-1 3.56538E-1 
2.29153E-1 2.48945E-1 3.44314E-1 
2.23399E-1 2.43827E-1 3.32089E-1 
2.17617E-1 2.38661E-1 3.19874E-1 
2.11812E-1 2.33454E-1 3.07682E-1 
2.05990E-1 2.28210E-1 2.95525E-1 
2.00157E-1 2.22935E-1 2.83414E-1 
1.94318E-1 2.17634E-1 2.71363E-1 
1.88480E-1 2.12313E-1 2.59383E-1 
1.82647E-1 2.06977E-1 2.47486E-1 
1.76825E-1 2.01632E-1 2.35684E-1 
1.71021E-1 1.96284E-1 2.23988E-1 
1.65239E-1 1.90938E-1 2.12411E-1 
1.59485E-1 1.85600E-1 2.00965E-1 
1.53764E-1 1.80276E-1 1.89660E-1 
1.48083E-1 1.74971E-1 1.78510E-1 
1.42445E-1 1.69693E-1 1.67524E-1 
1.36858E-1 1.64447E-1 1.56715E-1 
1.31326E-1 1.59240E-1 1.46094E-1 
1.25854E-1 1.54078E-1 1.35672E-1 
1.20448E-1 1.48970E-1 1.25462E-1 
1.15112E-1 1.43924E-1 1.15475E-1 
1.09852E-1 1.38950E-1 1.05723E-1 
1.04672E-1 1.34063E-1 9.62202E-2 
9.95785E-2 1.29283E-1 8.69850E-2 
9.45748E-2 1.24636E-1 7.80496E-2 
8.96661E-2 1.20156E-1 6.94550E-2 
8.48570E-2 1.15891E-1 6.12655E-2 
8.01521E-2 1.11924E-1 5.35339E-2 
7.55558E-2 1.08249E-1 4.63386E-2 
7.10724E-2 1.04826E-1 3.98348E-2 
6.67062E-2 1.01660E-1 3.41174E-2 
6.24612E-2 9.87234E-2 2.94049E-2 
5.83415E-2 9.59528E-2 2.58982E-2 
5.43510E-2 9.33367E-2 2.36523E-2 
5.04935E-2 9.08837E-2 2.26470E-2 
4.67726E-2 8.86192E-2 2.26719E-2 
4.31919E-2 8.65862E-2 2.36506E-2 
3.97548E-2 8.47376E-2 2.52689E-2 
3.64647E-2 8.29680E-2 2.72952E-2 
3.33248E-2 8.12438E-2 2.96049E-2 
3.03380E-2 7.95595E-2 3.20877E-2 
2.75075E-2 7.79194E-2 3.45922E-2 
2.48359E-2 7.63004E-2 3.70016E-2 
2.23260E-2 7.46904E-2 3.92293E-2 
1.99804E-2 7.30841E-2 4.12265E-2 
1.78017E-2 7.14747E-2 4.29451E-2 
1.57923E-2 6.98535E-2 4.43600E-2 
1.39551E-2 6.82117E-2 4.54541E-2 
1.22943E-2 6.65427E-2 4.62084E-2 
1.08207E-2 6.48416E-2 4.66154E-2 
9.55485E-3 6.31049E-2 4.66718E-2 
8.49493E-3 6.13303E-2 4.63720E-2 
7.61412E-3 5.95160E-2 4.57081E-2 
6.89306E-3 5.76613E-2 4.46746E-2 
6.30787E-3 5.57660E-2 4.32708E-2 
5.83385E-3 5.38306E-2 4.14984E-2 
5.46585E-3 5.18567E-2 3.93616E-2 
5.23121E-3 4.98467E-2 3.68689E-2 
5.17765E-3 4.78044E-2 3.40373E-2 
5.32664E-3 4.57351E-2 3.08951E-2 
5.71460E-3 4.36464E-2 2.74914E-2 
6.30006E-3 4.15487E-2 2.39004E-2 
7.07173E-3 3.94576E-2 2.02492E-2 
8.02796E-3 3.73972E-2 1.67485E-2 
9.16742E-3 3.54106E-2 1.37878E-2 
1.04886E-2 3.35811E-2 1.19285E-2 
1.19902E-2 3.20225E-2 1.19667E-2 
1.36709E-2 3.08763E-2 1.43233E-2 
1.55293E-2 3.04371E-2 1.86567E-2 
1.75643E-2 3.09050E-2 2.43801E-2 
1.97742E-2 3.19443E-2 3.09712E-2 
2.21572E-2 3.34042E-2 3.81647E-2 
2.47108E-2 3.51640E-2 4.58011E-2 
2.74323E-2 3.71458E-2 5.37877E-2 
3.03190E-2 3.93237E-2 6.20884E-2 
3.33679E-2 4.16848E-2 7.06846E-2 
3.65761E-2 4.42210E-2 7.95626E-2 
3.99404E-2 4.69258E-2 8.87108E-2 
4.34576E-2 4.97936E-2 9.81184E-2 
4.71244E-2 5.28193E-2 1.07774E-1 
5.09374E-2 5.59979E-2 1.17669E-1 
5.48931E-2 5.93246E-2 1.27792E-1 
5.89876E-2 6.27942E-2 1.38133E-1 
6.32173E-2 6.64014E-2 1.48680E-1 
6.75781E-2 7.01407E-2 1.59423E-1 
7.20659E-2 7.40063E-2 1.70352E-1 
7.66764E-2 7.79923E-2 1.81454E-1 
8.14054E-2 8.20929E-2 1.92719E-1 
8.62483E-2 8.63022E-2 2.04136E-1 
9.12003E-2 9.06145E-2 2.15693E-1 
9.62568E-2 9.50241E-2 2.27378E-1 
1.01412E-1 9.95257E-2 2.39180E-1 
1.06663E-1 1.04114E-1 2.51086E-1 
1.12003E-1 1.08783E-1 2.63085E-1 
1.17427E-1 1.13530E-1 2.75165E-1 
1.22929E-1 1.18348E-1 2.87313E-1 
1.28505E-1 1.23232E-1 2.99518E-1 
1.34148E-1 1.28179E-1 3.11767E-1 
1.39853E-1 1.33184E-1 3.24048E-1 
1.45614E-1 1.38240E-1 3.36348E-1 
1.51426E-1 1.43345E-1 3.48655E-1 
1.57281E-1 1.48492E-1 3.60957E-1 
1.63175E-1 1.53678E-1 3.73242E-1 
1.69101E-1 1.58898E-1 3.85497E-1 
1.75053E-1 1.64146E-1 3.97710E-1 
1.81025E-1 1.69418E-1 4.09868E-1 
1.87010E-1 1.74708E-1 4.21960E-1 
1.93003E-1 1.80011E-1 4.33974E-1 
1.98996E-1 1.85322E-1 4.45897E-1 
2.04985E-1 1.90636E-1 4.57718E-1 
2.10962E-1 1.95948E-1 4.69424E-1 
2.16921E-1 2.01253E-1 4.81005E-1 
2.22857E-1 2.06545E-1 4.92449E-1 
2.28761E-1 2.11822E-1 5.03743E-1 
2.34630E-1 2.17077E-1 5.14878E-1 
2.40455E-1 2.22306E-1 5.25842E-1 
2.46232E-1 2.27505E-1 5.36625E-1 
2.51954E-1 2.32670E-1 5.47215E-1 
2.57615E-1 2.37795E-1 5.57602E-1 
2.63209E-1 2.42876E-1 5.67777E-1 
2.68731E-1 2.47909E-1 5.77729E-1 
2.74174E-1 2.52890E-1 5.87448E-1 
2.79533E-1 2.57814E-1 5.96925E-1 
2.84802E-1 2.62676E-1 6.06151E-1 
2.89976E-1 2.67473E-1 6.15116E-1 
2.95050E-1 2.72200E-1 6.23813E-1 
3.00018E-1 2.76853E-1 6.32233E-1 
3.04875E-1 2.81427E-1 6.40367E-1 
3.09617E-1 2.85919E-1 6.48209E-1 
3.14238E-1 2.90324E-1 6.55749E-1 
3.18733E-1 2.94639E-1 6.62982E-1 
3.23099E-1 2.98859E-1 6.69900E-1 
3.27331E-1 3.02980E-1 6.76497E-1 
3.31425E-1 3.07000E-1 6.82766E-1 
3.35376E-1 3.10913E-1 6.88702E-1 
3.39181E-1 3.14717E-1 6.94299E-1 
3.42836E-1 3.18408E-1 6.99552E-1 
3.46337E-1 3.21982E-1 7.04456E-1 
3.49681E-1 3.25436E-1 7.09006E-1 
3.52865E-1 3.28766E-1 7.13198E-1 
3.55885E-1 3.31971E-1 7.17028E-1 
3.58739E-1 3.35045E-1 7.20493E-1 
3.61425E-1 3.37987E-1 7.23589E-1 
3.63939E-1 3.40792E-1 7.26315E-1 
3.66279E-1 3.43459E-1 7.28666E-1 
3.68442E-1 3.45985E-1 7.30642E-1 
3.70428E-1 3.48366E-1 7.32240E-1 
3.72235E-1 3.50601E-1 7.33459E-1 
3.73859E-1 3.52686E-1 7.34298E-1 
3.75301E-1 3.54619E-1 7.34757E-1 
3.76559E-1 3.56399E-1 7.34835E-1 
3.77631E-1 3.58022E-1 7.34531E-1 
3.78518E-1 3.59488E-1 7.33848E-1 
3.79217E-1 3.60794E-1 7.32784E-1 
3.79730E-1 3.61938E-1 7.31343E-1 
3.80054E-1 3.62920E-1 7.29524E-1 
3.80191E-1 3.63738E-1 7.27330E-1 
3.80141E-1 3.64390E-1 7.24763E-1 
3.79903E-1 3.64876E-1 7.21826E-1 
3.79478E-1 3.65196E-1 7.18522E-1 
3.78866E-1 3.65348E-1 7.14853E-1 
3.78069E-1 3.65331E-1 7.10824E-1 
3.77087E-1 3.65147E-1 7.06438E-1 
3.75922E-1 3.64794E-1 7.01700E-1 
3.74574E-1 3.64273E-1 6.96615E-1 
3.73046E-1 3.63585E-1 6.91187E-1 
3.71339E-1 3.62729E-1 6.85421E-1 
3.69455E-1 3.61706E-1 6.79323E-1 
3.67396E-1 3.60518E-1 6.72900E-1 
3.65163E-1 3.59166E-1 6.66157E-1 
3.62761E-1 3.57650E-1 6.59100E-1 
3.60190E-1 3.55972E-1 6.51736E-1 
3.57454E-1 3.54133E-1 6.44073E-1 
3.54556E-1 3.52137E-1 6.36118E-1 
3.51499E-1 3.49983E-1 6.27878E-1 
3.48285E-1 3.47675E-1 6.19361E-1 
3.44919E-1 3.45215E-1 6.10576E-1 
3.41403E-1 3.42605E-1 6.01530E-1 
3.37741E-1 3.39848E-1 5.92233E-1 
3.33938E-1 3.36946E-1 5.82693E-1 
3.29996E-1 3.33902E-1 5.72920E-1 
3.25921E-1 3.30720E-1 5.62923E-1 
3.21715E-1 3.27402E-1 5.52711E-1 
3.17384E-1 3.23952E-1 5.42295E-1 
3.12932E-1 3.20374E-1 5.31684E-1 
3.08362E-1 3.16670E-1 5.20889E-1 
3.03681E-1 3.12846E-1 5.09920E-1 
2.98892E-1 3.08903E-1 4.98788E-1 
2.94001E-1 3.04848E-1 4.87503E-1 
2.89012E-1 3.00683E-1 4.76077E-1 
2.83930E-1 2.96414E-1 4.64521E-1 
2.78760E-1 2.92043E-1 4.52845E-1 
2.73507E-1 2.87577E-1 4.41062E-1 
2.68178E-1 2.83019E-1 4.29182E-1 
2.62776E-1 2.78374E-1 4.17218E-1 
2.57307E-1 2.73647E-1 4.05181E-1 
2.51777E-1 2.68842E-1 3.93082E-1 
2.46191E-1 2.63964E-1 3.80934E-1 
2.40555E-1 2.59019E-1 3.68749E-1 
2.34874E-1 2.54011E-1 3.56538E-1 
2.29153E-1 2.48945E-1 3.44314E-1 
2.23399E-1 2.43827E-1 3.32089E-1 
2.17617E-1 2.38661E-1 3.19874E-1 
2.11812E-1 2.33454E-1 3.07682E-1 
2.05990E-1 2.28210E-1 2.95525E-1 
2.00157E-1 2.22935E-1 2.83414E-1 
1.94318E-1 2.17634E-1 2.71363E-1 
1.88480E-1 2.12313E-1 2.59383E-1 
1.82647E-1 2.06977E-1 2.47486E-1 
1.76825E-1 2.01632E-1 2.35684E-1 
1.71021E-1 1.96284E-1 2.23988E-1 
1.65239E-1 1.90938E-1 2.12411E-1 
1.59485E-1 1.85600E-1 2.00965E-1 
1.53764E-1 1.80276E-1 1.89660E-1 
1.48083E-1 1.74971E-1 1.78510E-1 
1.42445E-1 1.69693E-1 1.67524E-1 
1.36858E-1 1.64447E-1 1.56715E-1 
1.31326E-1 1.59240E-1 1.46094E-1 
1.25854E-1 1.54078E-1 1.35672E-1 
1.20448E-1 1.48970E-1 1.25462E-1 
1.15112E-1 1.43924E-1 1.15475E-1 
1.09852E-1 1.38950E-1 1.05723E-1 
1.04672E-1 1.34063E-1 9.62202E-2 
9.95785E-2 1.29283E-1 8.69850E-2 
9.45748E-2 1.24636E-1 7.80496E-2 
8.96661E-2 1.20156E-1 6.94550E-2 
8.48570E-2 1.15891E-1 6.12655E-2 
8.01521E-2 1.11924E-1 5.35339E-2 
7.55558E-2 1.08249E-1 4.63386E-2 
7.10724E-2 1.04826E-1 3.98348E-2 
6.67062E-2 1.01660E-1 3.41174E-2 
6.24612E-2 9.87234E-2 2.94049E-2 
5.83415E-2 9.59528E-2 2.58982E-2 
5.43510E-2 9.33367E-2 2.36523E-2 
5.04935E-2 9.08837E-2 2.26470E-2 
4.67726E-2 8.86192E-2 2.26719E-2 
4.31919E-2 8.65862E-2 2.36506E-2 
3.97548E-2 8.47376E-2 2.52689E-2 
3.64647E-2 8.29680E-2 2.72952E-2 
3.33248E-2 8.12438E-2 2.96049E-2 
3.03380E-2 7.95595E-2 3.20877E-2 
2.75075E-2 7.79194E-2 3.45922E-2 
2.48359E-2 7.63004E-2 3.70016E-2 
2.23260E-2 7.46904E-2 3.92293E-2 
1.99804E-2 7.30841E-2 4.12265E-2 
1.78017E-2 7.14747E-2 4.29451E-2 
1.57923E-2 6.98535E-2 4.43600E-2 
1.39551E-2 6.82117E-2 4.54541E-2 
1.22943E-2 6.65427E-2 4.62084E-2 
1.08207E-2 6.48416E-2 4.66154E-2 
9.55485E-3 6.31049E-2 4.66718E-2 
8.49493E-3 6.13303E-2 4.63720E-2 
7.61412E-3 5.95160E-2 4.57081E-2 
6.89306E-3 5.76613E-2 4.46746E-2 
6.30787E-3 5.57660E-2 4.32708E-2 
5.83385E-3 5.38306E-2 4.14984E-2 
5.46585E-3 5.18567E-2 3.93616E-2 
5.23121E-3 4.98467E-2 3.68689E-2 
5.17765E-3 4.78044E-2 3.40373E-2 
5.32664E-3 4.57351E-2 3.08951E-2 
5.71460E-3 4.36464E-2 2.74914E-2 
6.30006E-3 4.15487E-2 2.39004E-2 
7.07173E-3 3.94576E-2 2.02492E-2 
8.02796E-3 3.73972E-2 1.67485E-2 
9.16742E-3 3.54106E-2 1.37878E-2 
1.04886E-2 3.35811E-2 1.19285E-2 
1.19902E-2 3.20225E-2 1.19667E-2 
1.36709E-2 3.08763E-2 1.43233E-2 
1.55293E-2 3.04371E-2 1.86567E-2 
1.75643E-2 3.09050E-2 2.43801E-2 
1.97742E-2 3.19443E-2 3.09712E-2 
2.21572E-2 3.34042E-2 3.81647E-2 
2.47108E-2 3.51640E-2 4.58011E-2 
2.74323E-2 3.71458E-2 5.37877E-2 
3.03190E-2 3.93237E-2 6.20884E-2 
3.33679E-2 4.16848E-2 7.06846E-2 
3.65761E-2 4.42210E-2 7.95626E-2 
3.99404E-2 4.69258E-2 8.87108E-2 
4.34576E-2 4.97936E-2 9.81184E-2 
4.71244E-2 5.28193E-2 1.07774E-1 
5.09374E-2 5.59979E-2 1.17669E-1 
5.48931E-2 5.93246E-2 1.27792E-1 
5.89876E-2 6.27942E-2 1.38133E-1 
6.32173E-2 6.64014E-2 1.48680E-1 
6.75781E-2 7.01407E-2 1.59423E-1 
7.20659E-2 7.40063E-2 1.70352E-1 
7.66764E-2 7.79923E-2 1.81454E-1 
8.14054E-2 8.20929E-2 1.92719E-1 
8.62483E-2 8.63022E-2 2.04136E-1 
9.12003E-2 9.06145E-2 2.15693E-1 
9.62568E-2 9.50241E-2 2.27378E-1 
1.01412E-1 9.95257E-2 2.39180E-1 
1.06663E-1 1.04114E-1 2.51086E-1 
1.12003E-1 1.08783E-1 2.63085E-1 
1.17427E-1 1.13530E-1 2.75165E-1 
1.22929E-1 1.18348E-1 2.87313E-1 
1.28505E-1 1.23232E-1 2.99518E-1 
1.34148E-1 1.28179E-1 3.11767E-1 
1.39853E-1 1.33184E-1 3.24048E-1 
1.45614E-1 1.38240E-1 3.36348E-1 
1.51426E-1 1.43345E-1 3.48655E-1 
1.57281E-1 1.48492E-1 3.60957E-1 
1.63175E-1 1.53678E-1 3.73242E-1 
1.69101E-1 1.58898E-1 3.85497E-1 
1.75053E-1 1.64146E-1 3.97710E-1 
1.81025E-1 1.69418E-1 4.09868E-1 
1.87010E-1 1.74708E-1 4.21960E-1 
1.93003E-1 1.80011E-1 4.33974E-1 
1.98996E-1 1.85322E-1 4.45897E-1 
2.04985E-1 1.90636E-1 4.57718E-1 
2.10962E-1 1.95948E-1 4.69424E-1 
2.16921E-1 2.01253E-1 4.81005E-1 
2.22857E-1 2.06545E-1 4.92449E-1 
2.28761E-1 2.11822E-1 5.03743E-1 
2.34630E-1 2.17077E-1 5.14878E-1 
2.40455E-1 2.22306E-1 5.25842E-1 
2.46232E-1 2.27505E-1 5.36625E-1 
2.51954E-1 2.32670E-1 5.47215E-1 
2.57615E-1 2.37795E-1 5.57602E-1 
2.63209E-1 2.42876E-1 5.67777E-1 
2.68731E-1 2.47909E-1 5.77729E-1 
2.74174E-1 2.52890E-1 5.87448E-1 
2.79533E-1 2.57814E-1 5.96925E-1 
2.84802E-1 2.62676E-1 6.06151E-1 
2.89976E-1 2.67473E-1 6.15116E-1 
2.95050E-1 2.72200E-1 6.23813E-1 
3.00018E-1 2.76853E-1 6.32233E-1 
3.04875E-1 2.81427E-1 6.40367E-1 
3.09617E-1 2.85919E-1 6.48209E-1 
3.14238E-1 2.90324E-1 6.55749E-1 
3.18733E-1 2.94639E-1 6.62982E-1 
3.23099E-1 2.98859E-1 6.69900E-1 
3.27331E-1 3.02980E-1 6.76497E-1 
3.31425E-1 3.07000E-1 6.82766E-1 
3.35376E-1 3.10913E-1 6.88702E-1 
3.39181E-1 3.14717E-1 6.94299E-1 
3.42836E-1 3.18408E-1 6.99552E-1 
3.46337E-1 3.21982E-1 7.04456E-1 
3.49681E-1 3.25436E-1 7.09006E-1 
3.52865E-1 3.28766E-1 7.13198E-1 
3.55885E-1 3.31971E-1 7.17028E-1 
3.58739E-1 3.35045E-1 7.20493E-1 
3.61425E-1 3.37987E-1 7.23589E-1 
3.63939E-1 3.40792E-1 7.26315E-1 
3.66279E-1 3.43459E-1 7.28666E-1 
3.68442E-1 3.45985E-1 7.30642E-1 
3.70428E-1 3.48366E-1 7.32240E-1 
3.72235E-1 3.50601E-1 7.33459E-1 
3.73859E-1 3.52686E-1 7.34298E-1 
3.75301E-1 3.54619E-1 7.34757E-1 
3.76559E-1 3.56399E-1 7.34835E-1 
3.77631E-1 3.58022E-1 7.34531E-1 
3.78518E-1 3.59488E-1 7.33848E-1 
3.79217E-1 3.60794E-1 7.32784E-1 
3.79730E-1 3.61938E-1 7.31343E-1 
3.80054E-1 3.62920E-1 7.29524E-1 
3.80191E-1 3.63738E-1 7.27330E-1 
3.80141E-1 3.64390E-1 7.24763E-1 
3.79903E-1 3.64876E-1 7.21826E-1 
3.79478E-1 3.65196E-1 7.18522E-1 
3.78866E-1 3.65348E-1 7.14853E-1 
3.78069E-1 3.65331E-1 7.10824E-1 
3.77087E-1 3.65147E-1 7.06438E-1 
3.75922E-1 3.64794E-1 7.01700E-1 
3.74574E-1 3.64273E-1 6.96615E-1 
3.73046E-1 3.63585E-1 6.91187E-1 
3.71339E-1 3.62729E-1 6.85421E-1 
3.69455E-1 3.61706E-1 6.79323E-1 
3.67396E-1 3.60518E-1 6.72900E-1 
3.65163E-1 3.59166E-1 6.66157E-1 
3.62761E-1 3.57650E-1 6.59100E-1 
3.60190E-1 3.55972E-1 6.51736E-1 
3.57454E-1 3.54133E-1 6.44073E-1 
3.54556E-1 3.52137E-1 6.36118E-1 
3.51499E-1 3.49983E-1 6.27878E-1 
3.48285E-1 3.47675E-1 6.19361E-1 
3.44919E-1 3.45215E-1 6.10576E-1 
3.41403E-1 3.42605E-1 6.01530E-1 
3.37741E-1 3.39848E-1 5.92233E-1 
3.33938E-1 3.36946E-1 5.82693E-1 
3.29996E-1 3.33902E-1 5.72920E-1 
3.25921E-1 3.30720E-1 5.62923E-1 
3.21715E-1 3.27402E-1 5.52711E-1 
3.17384E-1 3.23952E-1 5.42295E-1 
3.12932E-1 3.20374E-1 5.31684E-1 
3.08362E-1 3.16670E-1 5.20889E-1 
3.03681E-1 3.12846E-1 5.09920E-1 
2.98892E-1 3.08903E-1 4.98788E-1 
2.94001E-1 3.04848E-1 4.87503E-1 
2.89012E-1 3.00683E-1 4.76077E-1 
2.83930E-1 2.96414E-1 4.64521E-1 
2.78760E-1 2.92043E-1 4.52845E-1 
2.73507E-1 2.87577E-1 4.41062E-1 
2.68178E-1 2.83019E-1 4.29182E-1 
2.62776E-1 2.78374E-1 4.17218E-1 
2.57307E-1 2.73647E-1 4.05181E-1 
2.51777E-1 2.68842E-1 3.93082E-1 
2.46191E-1 2.63964E-1 3.80934E-1 
2.40555E-1 2.59019E-1 3.68749E-1 
2.34874E-1 2.54011E-1 3.56538E-1 
2.29153E-1 2.48945E-1 3.44314E-1 
2.23399E-1 2.43827E-1 3.32089E-1 
2.17617E-1 2.38661E-1 3.19874E-1 
2.11812E-1 2.33454E-1 3.07682E-1 
2.05990E-1 2.28210E-1 2.95525E-1 
2.00157E-1 2.22935E-1 2.83414E-1 
1.94318E-1 2.17634E-1 2.71363E-1 
1.88480E-1 2.12313E-1 2.59383E-1 
1.82647E-1 2.06977E-1 2.47486E-1 
1.76825E-1 2.01632E-1 2.35684E-1 
1.71021E-1 1.96284E-1 2.23988E-1 
1.65239E-1 1.90938E-1 2.12411E-1 
1.59485E-1 1.85600E-1 2.00965E-1 
1.53764E-1 1.80276E-1 1.89660E-1 
1.48083E-1 1.74971E-1 1.78510E-1 
1.42445E-1 1.69693E-1 1.67524E-1 
1.36858E-1 1.64447E-1 1.56715E-1 
1.31326E-1 1.59240E-1 1.46094E-1 
1.25854E-1 1.54078E-1 1.35672E-1 
1.20448E-1 1.48970E-1 1.25462E-1 
1.15112E-1 1.43924E-1 1.15475E-1 
1.09852E-1 1.38950E-1 1.05723E-1 
1.04672E-1 1.34063E-1 9.62202E-2 
9.95785E-2 1.29283E-1 8.69850E-2 
9.45748E-2 1.24636E-1 7.80496E-2 
8.96661E-2 1.20156E-1 6.94550E-2 
8.48570E-2 1.15891E-1 6.12655E-2 
8.01521E-2 1.11924E-1 5.35339E-2 
7.55558E-2 1.08249E-1 4.63386E-2 
7.10724E-2 1.04826E-1 3.98348E-2 
6.67062E-2 1.01660E-1 3.41174E-2 
6.24612E-2 9.87234E-2 2.94049E-2 
5.83415E-2 9.59528E-2 2.58982E-2 
5.43510E-2 9.33367E-2 2.36523E-2 
5.04935E-2 9.08837E-2 2.26470E-2 
4.67726E-2 8.86192E-2 2.26719E-2 
4.31919E-2 8.65862E-2 2.36506E-2 
3.97548E-2 8.47376E-2 2.52689E-2 
3.64647E-2 8.29680E-2 2.72952E-2 
3.33248E-2 8.12438E-2 2.96049E-2 
3.03380E-2 7.95595E-2 3.20877E-2 
2.75075E-2 7.79194E-2 3.45922E-2 
2.48359E-2 7.63004E-2 3.70016E-2 
2.23260E-2 7.46904E-2 3.92293E-2 
1.99804E-2 7.30841E-2 4.12265E-2 
1.78017E-2 7.14747E-2 4.29451E-2 
1.57923E-2 6.98535E-2 4.43600E-2 
1.39551E-2 6.82117E-2 4.54541E-2 
1.22943E-2 6.65427E-2 4.62084E-2 
1.08207E-2 6.48416E-2 4.66154E-2 
9.55485E-3 6.31049E-2 4.66718E-2 
8.49493E-3 6.13303E-2 4.63720E-2 
7.61412E-3 5.95160E-2 4.57081E-2 
6.89306E-3 5.76613E-2 4.46746E-2 
6.30787E-3 5.57660E-2 4.32708E-2 
5.83385E-3 5.38306E-2 4.14984E-2 
5.46585E-3 5.18567E-2 3.93616E-2 
5.23121E-3 4.98467E-2 3.68689E-2 
5.17765E-3 4.78044E-2 3.40373E-2 
5.32664E-3 4.57351E-2 3.08951E-2 
5.71460E-3 4.36464E-2 2.74914E-2 
6.30006E-3 4.15487E-2 2.39004E-2 
7.07173E-3 3.94576E-2 2.02492E-2 
8.02796E-3 3.73972E-2 1.67485E-2 
9.16742E-3 3.54106E-2 1.37878E-2 
1.04886E-2 3.35811E-2 1.19285E-2 
1.19902E-2 3.20225E-2 1.19667E-2 
1.36709E-2 3.08763E-2 1.43233E-2 
1.55293E-2 3.04371E-2 1.86567E-2 
1.75643E-2 3.09050E-2 2.43801E-2 
1.97742E-2 3.19443E-2 3.09712E-2 
2.21572E-2 3.34042E-2 3.81647E-2 
2.47108E-2 3.51640E-2 4.58011E-2 
2.74323E-2 3.71458E-2 5.37877E-2 
3.03190E-2 3.93237E-2 6.20884E-2 
3.33679E-2 4.16848E-2 7.06846E-2 
3.65761E-2 4.42210E-2 7.95626E-2 
3.99404E-2 4.69258E-2 8.87108E-2 
4.34576E-2 4.97936E-2 9.81184E-2 
4.71244E-2 5.28193E-2 1.07774E-1 
5.09374E-2 5.59979E-2 1.17669E-1 
5.48931E-2 5.93246E-2 1.27792E-1 
5.89876E-2 6.27942E-2 1.38133E-1 
6.32173E-2 6.64014E-2 1.48680E-1 
6.75781E-2 7.01407E-2 1.59423E-1 
7.20659E-2 7.40063E-2 1.70352E-1 
7.66764E-2 7.79923E-2 1.81454E-1 
8.14054E-2 8.20929E-2 1.92719E-1 
8.62483E-2 8.63022E-2 2.04136E-1 
9.12003E-2 9.06145E-2 2.15693E-1 
9.62568E-2 9.50241E-2 2.27378E-1 
1.01412E-1 9.95257E-2 2.39180E-1 
1.06663E-1 1.04114E-1 2.51086E-1 
1.12003E-1 1.08783E-1 2.63085E-1 
1.17427E-1 1.13530E-1 2.75165E-1 
1.22929E-1 1.18348E-1 2.87313E-1 
1.28505E-1 1.23232E-1 2.99518E-1 
1.34148E-1 1.28179E-1 3.11767E-1 
1.39853E-1 1.33184E-1 3.24048E-1 
1.45614E-1 1.38240E-1 3.36348E-1 
1.51426E-1 1.43345E-1 3.48655E-1 
1.57281E-1 1.48492E-1 3.60957E-1 
1.63175E-1 1.53678E-1 3.73242E-1 
1.69101E-1 1.58898E-1 3.85497E-1 
1.75053E-1 1.64146E-1 3.97710E-1 
1.81025E-1 1.69418E-1 4.09868E-1 
1.87010E-1 1.74708E-1 4.21960E-1 
1.93003E-1 1.80011E-1 4.33974E-1 
1.98996E-1 1.85322E-1 4.45897E-1 
2.04985E-1 1.90636E-1 4.57718E-1 
2.10962E-1 1.95948E-1 4.69424E-1 
2.16921E-1 2.01253E-1 4.81005E-1 
2.22857E-1 2.06545E-1 4.92449E-1 
2.28761E-1 2.11822E-1 5.03743E-1 
2.34630E-1 2.17077E-1 5.14878E-1 
2.40455E-1 2.22306E-1 5.25842E-1 
2.46232E-1 2.27505E-1 5.36625E-1 
2.51954E-1 2.32670E-1 5.47215E-1 
2.57615E-1 2.37795E-1 5.57602E-1 
2.63209E-1 2.42876E-1 5.67777E-1 
2.68731E-1 2.47909E-1 5.77729E-1 
2.74174E-1 2.52890E-1 5.87448E-1 
2.79533E-1 2.57814E-1 5.96925E-1 
2.84802E-1 2.62676E-1 6.06151E-1 
2.89976E-1 2.67473E-1 6.15116E-1 
2.95050E-1 2.72200E-1 6.23813E-1 
3.00018E-1 2.76853E-1 6.32233E-1 
3.04875E-1 2.81427E-1 6.40367E-1 
3.09617E-1 2.85919E-1 6.48209E-1 
3.14238E-1 2.90324E-1 6.55749E-1 
3.18733E-1 2.94639E-1 6.62982E-1 
3.23099E-1 2.98859E-1 6.69900E-1 
3.27331E-1 3.02980E-1 6.76497E-1 
3.31425E-1 3.07000E-1 6.82766E-1 
3.35376E-1 3.10913E-1 6.88702E-1 
3.39181E-1 3.14717E-1 6.94299E-1 
3.42836E-1 3.18408E-1 6.99552E-1 
3.46337E-1 3.21982E-1 7.04456E-1 
3.49681E-1 3.25436E-1 7.09006E-1 
3.52865E-1 3.28766E-1 7.13198E-1 
3.55885E-1 3.31971E-1 7.17028E-1 
3.58739E-1 3.35045E-1 7.20493E-1 
3.61425E-1 3.37987E-1 7.23589E-1 
3.63939E-1 3.40792E-1 7.26315E-1 
3.66279E-1 3.43459E-1 7.28666E-1 
3.68442E-1 3.45985E-1 7.30642E-1 
3.70428E-1 3.48366E-1 7.32240E-1 
3.72235E-1 3.50601E-1 7.33459E-1 
3.73859E-1 3.52686E-1 7.34298E-1 
3.75301E-1 3.54619E-1 7.34757E-1 
3.76559E-1 3.56399E-1 7.34835E-1 
3.77631E-1 3.58022E-1 7.34531E-1 
3.78518E-1 3.59488E-1 7.33848E-1 
3.79217E-1 3.60794E-1 7.32784E-1 
3.79730E-1 3.61938E-1 7.31343E-1 
3.80054E-1 3.62920E-1 7.29524E-1 
3.80191E-1 3.63738E-1 7.27330E-1 
3.80141E-1 3.64390E-1 7.24763E-1 
3.79903E-1 3.64876E-1 7.21826E-1 
3.79478E-1 3.65196E-1 7.18522E-1 
3.78866E-1 3.65348E-1 7.14853E-1 
3.78069E-1 3.65331E-1 7.10824E-1 
3.77087E-1 3.65147E-1 7.06438E-1 
3.75922E-1 3.64794E-1 7.01700E-1 
3.74574E-1 3.64273E-1 6.96615E-1 
3.73046E-1 3.63585E-1 6.91187E-1 
3.71339E-1 3.62729E-1 6.85421E-1 
3.69455E-1 3.61706E-1 6.79323E-1 
3.67396E-1 3.60518E-1 6.72900E-1 
3.65163E-1 3.59166E-1 6.66157E-1 
3.62761E-1 3.57650E-1 6.59100E-1 
3.60190E-1 3.55972E-1 6.51736E-1 
3.57454E-1 3.54133E-1 6.44073E-1 
3.54556E-1 3.52137E-1 6.36118E-1 
3.51499E-1 3.49983E-1 6.27878E-1 
3.48285E-1 3.47675E-1 6.19361E-1 
3.44919E-1 3.45215E-1 6.10576E-1 
3.41403E-1 3.42605E-1 6.01530E-1 
3.37741E-1 3.39848E-1 5.92233E-1 
3.33938E-1 3.36946E-1 5.82693E-1 
3.29996E-1 3.33902E-1 5.72920E-1 
3.25921E-1 3.30720E-1 5.62923E-1 
3.21715E-1 3.27402E-1 5.52711E-1 
3.17384E-1 3.23952E-1 5.42295E-1 
3.12932E-1 3.20374E-1 5.31684E-1 
3.08362E-1 3.16670E-1 5.20889E-1 
3.03681E-1 3.12846E-1 5.09920E-1 
2.98892E-1 3.08903E-1 4.98788E-1 
2.94001E-1 3.04848E-1 4.87503E-1 
2.89012E-1 3.00683E-1 4.76077E-1 
2.83930E-1 2.96414E-1 4.64521E-1 
2.78760E-1 2.92043E-1 4.52845E-1 
2.73507E-1 2.87577E-1 4.41062E-1 
2.68178E-1 2.83019E-1 4.29182E-1 
2.62776E-1 2.78374E-1 4.17218E-1 
2.57307E-1 2.73647E-1 4.05181E-1 
2.51777E-1 2.68842E-1 3.93082E-1 
2.46191E-1 2.63964E-1 3.80934E-1 
2.40555E-1 2.59019E-1 3.68749E-1 
2.34874E-1 2.54011E-1 3.56538E-1 
2.29153E-1 2.48945E-1 3.44314E-1 
2.23399E-1 2.43827E-1 3.32089E-1 
2.17617E-1 2.38661E-1 3.19874E-1 
2.11812E-1 2.33454E-1 3.07682E-1 
2.05990E-1 2.28210E-1 2.95525E-1 
2.00157E-1 2.22935E-1 2.83414E-1 
1.94318E-1 2.17634E-1 2.71363E-1 
1.88480E-1 2.12313E-1 2.59383E-1 
1.82647E-1 2.06977E-1 2.47486E-1 
1.76825E-1 2.01632E-1 2.35684E-1 
1.71021E-1 1.96284E-1 2.23988E-1 
1.65239E-1 1.90938E-1 2.12411E-1 
1.59485E-1 1.85600E-1 2.00965E-1 
1.53764E-1 1.80276E-1 1.89660E-1 
1.48083E-1 1.74971E-1 1.78510E-1 
1.42445E-1 1.69693E-1 1.67524E-1 
1.36858E-1 1.64447E-1 1.56715E-1 
1.31326E-1 1.59240E-1 1.46094E-1 
1.25854E-1 1.54078E-1 1.35672E-1 
1.20448E-1 1.48970E-1 1.25462E-1 
1.15112E-1 1.43924E-1 1.15475E-1 
1.09852E-1 1.38950E-1 1.05723E-1 
1.04672E-1 1.34063E-1 9.62202E-2 
9.95785E-2 1.29283E-1 8.69850E-2 
9.45748E-2 1.24636E-1 7.80496E-2 
8.96661E-2 1.20156E-1 6.94550E-2 
8.48570E-2 1.15891E-1 6.12655E-2 
8.01521E-2 1.11924E-1 5.35339E-2 
7.55558E-2 1.08249E-1 4.63386E-2 
7.10724E-2 1.04826E-1 3.98348E-2 
6.67062E-2 1.01660E-1 3.41174E-2 
6.24612E-2 9.87234E-2 2.94049E-2 
5.83415E-2 9.59528E-2 2.58982E-2 
5.43510E-2 9.33367E-2 2.36523E-2 
5.04935E-2 9.08837E-2 2.26470E-2 
4.67726E-2 8.86192E-2 2.26719E-2 
4.31919E-2 8.65862E-2 2.36506E-2 
3.97548E-2 8.47376E-2 2.52689E-2 
3.64647E-2 8.29680E-2 2.72952E-2 
3.33248E-2 8.12438E-2 2.96049E-2 
3.03380E-2 7.95595E-2 3.20877E-2 
2.75075E-2 7.79194E-2 3.45922E-2 
2.48359E-2 7.63004E-2 3.70016E-2 
2.23260E-2 7.46904E-2 3.92293E-2 
1.99804E-2 7.30841E-2 4.12265E-2 
1.78017E-2 7.14747E-2 4.29451E-2 
1.57923E-2 6.98535E-2 4.43600E-2 
1.39551E-2 6.82117E-2 4.54541E-2 
1.22943E-2 6.65427E-2 4.62084E-2 
1.08207E-2 6.48416E-2 4.66154E-2 
9.55485E-3 6.31049E-2 4.66718E-2 
8.49493E-3 6.13303E-2 4.63720E-2 
7.61412E-3 5.95160E-2 4.57081E-2 
6.89306E-3 5.76613E-2 4.46746E-2 
6.30787E-3 5.57660E-2 4.32708E-2 
5.83385E-3 5.38306E-2 4.14984E-2 
