  5.000000E-03   5.504641E+00   4.583555E+01  3.333133E-01
  1.000000E-02   1.534788E+01   4.859763E+01  2.747914E-01
  1.500000E-02   2.776438E+01   8.884070E+01  5.047629E-01
  2.000000E-02   4.654869E+01   1.291754E+02  6.828650E-01
  2.500000E-02   7.262841E+01   1.910862E+02  9.789899E-01
  3.000000E-02   1.082769E+02   2.665221E+02  1.307811E+00
  3.500000E-02   1.550065E+02   3.621006E+02  1.711521E+00
  4.000000E-02   2.146212E+02   4.770053E+02  2.168463E+00
  4.500000E-02   2.886897E+02   6.140364E+02  2.688816E+00
  5.000000E-02   3.788086E+02   7.740854E+02  3.266750E+00
  5.500000E-02   4.864702E+02   9.588970E+02  3.904354E+00
  6.000000E-02   6.131280E+02   1.169688E+03  4.599669E+00
  6.500000E-02   7.601640E+02   1.407838E+03  5.352675E+00
  7.000000E-02   9.289044E+02   1.674542E+03  6.162295E+00
  7.500000E-02   1.120611E+03   1.970987E+03  7.027896E+00
  8.000000E-02   1.336487E+03   2.298261E+03  7.948543E+00
  8.500000E-02   1.577671E+03   2.657398E+03  8.923366E+00
  9.000000E-02   1.845242E+03   3.049359E+03  9.951384E+00
  9.500000E-02   2.140217E+03   3.475039E+03  1.103159E+01
  1.000000E-01   2.463550E+03   3.935263E+03  1.216292E+01
  1.050000E-01   2.816134E+03   4.430788E+03  1.334425E+01
  1.100000E-01   3.198802E+03   4.962306E+03  1.457442E+01
  1.150000E-01   3.612321E+03   5.530439E+03  1.585221E+01
  1.200000E-01   4.057401E+03   6.135742E+03  1.717637E+01
  1.250000E-01   4.534689E+03   6.778704E+03  1.854558E+01
  1.300000E-01   5.044768E+03   7.459747E+03  1.995850E+01
  1.350000E-01   5.588165E+03   8.179226E+03  2.141373E+01
  1.400000E-01   6.165342E+03   8.937431E+03  2.290983E+01
  1.450000E-01   6.776703E+03   9.734588E+03  2.444533E+01
  1.500000E-01   7.422590E+03   1.057085E+04  2.601872E+01
  1.550000E-01   8.103287E+03   1.144633E+04  2.762843E+01
  1.600000E-01   8.819018E+03   1.236104E+04  2.927289E+01
  1.650000E-01   9.569948E+03   1.331495E+04  3.095047E+01
  1.700000E-01   1.035618E+04   1.430798E+04  3.265950E+01
  1.750000E-01   1.117777E+04   1.533997E+04  3.439832E+01
  1.800000E-01   1.203471E+04   1.641070E+04  3.616519E+01
  1.850000E-01   1.292693E+04   1.751989E+04  3.795838E+01
  1.900000E-01   1.385430E+04   1.866721E+04  3.977612E+01
  1.950000E-01   1.481666E+04   1.985227E+04  4.161661E+01
  2.000000E-01   1.581378E+04   2.107462E+04  4.347804E+01
  2.050000E-01   1.684536E+04   2.233374E+04  4.535857E+01
  2.100000E-01   1.791107E+04   2.362908E+04  4.725634E+01
  2.150000E-01   1.901052E+04   2.496003E+04  4.916948E+01
  2.200000E-01   2.014327E+04   2.632590E+04  5.109611E+01
  2.250000E-01   2.130883E+04   2.772598E+04  5.303432E+01
  2.300000E-01   2.250665E+04   2.915950E+04  5.498220E+01
  2.350000E-01   2.373616E+04   3.062563E+04  5.693782E+01
  2.400000E-01   2.499670E+04   3.212351E+04  5.889926E+01
  2.450000E-01   2.628760E+04   3.365222E+04  6.086459E+01
  2.500000E-01   2.760814E+04   3.521079E+04  6.283185E+01
  2.550000E-01   2.895753E+04   3.679822E+04  6.479912E+01
  2.600000E-01   3.033497E+04   3.841346E+04  6.676444E+01
  2.650000E-01   3.173959E+04   4.005542E+04  6.872588E+01
  2.700000E-01   3.317050E+04   4.172296E+04  7.068151E+01
  2.750000E-01   3.462677E+04   4.341492E+04  7.262939E+01
  2.800000E-01   3.610741E+04   4.513009E+04  7.456759E+01
  2.850000E-01   3.761143E+04   4.686723E+04  7.649422E+01
  2.900000E-01   3.913776E+04   4.862506E+04  7.840737E+01
  2.950000E-01   4.068534E+04   5.040226E+04  8.030514E+01
  3.000000E-01   4.225305E+04   5.219752E+04  8.218567E+01
  3.050000E-01   4.383974E+04   5.400944E+04  8.404709E+01
  3.100000E-01   4.544425E+04   5.583665E+04  8.588759E+01
  3.150000E-01   4.706537E+04   5.767771E+04  8.770532E+01
  3.200000E-01   4.870187E+04   5.953119E+04  8.949851E+01
  3.250000E-01   5.035250E+04   6.139561E+04  9.126539E+01
  3.300000E-01   5.201598E+04   6.326949E+04  9.300420E+01
  3.350000E-01   5.369101E+04   6.515131E+04  9.471324E+01
  3.400000E-01   5.537627E+04   6.703956E+04  9.639082E+01
  3.450000E-01   5.707043E+04   6.893270E+04  9.803527E+01
  3.500000E-01   5.877212E+04   7.082917E+04  9.964499E+01
  3.550000E-01   6.047998E+04   7.272740E+04  1.012184E+02
  3.600000E-01   6.219261E+04   7.462583E+04  1.027539E+02
  3.650000E-01   6.390861E+04   7.652286E+04  1.042500E+02
  3.700000E-01   6.562658E+04   7.841691E+04  1.057052E+02
  3.750000E-01   6.734509E+04   8.030639E+04  1.071181E+02
  3.800000E-01   6.906272E+04   8.218969E+04  1.084873E+02
  3.850000E-01   7.077802E+04   8.406522E+04  1.098115E+02
  3.900000E-01   7.248957E+04   8.593137E+04  1.110893E+02
  3.950000E-01   7.419591E+04   8.778656E+04  1.123195E+02
  4.000000E-01   7.589560E+04   8.962919E+04  1.135008E+02
  4.050000E-01   7.758719E+04   9.145768E+04  1.146321E+02
  4.100000E-01   7.926925E+04   9.327044E+04  1.157123E+02
  4.150000E-01   8.094033E+04   9.506591E+04  1.167403E+02
  4.200000E-01   8.259900E+04   9.684254E+04  1.177152E+02
  4.250000E-01   8.424383E+04   9.859877E+04  1.186358E+02
  4.300000E-01   8.587340E+04   1.003331E+05  1.195014E+02
  4.350000E-01   8.748631E+04   1.020439E+05  1.203111E+02
  4.400000E-01   8.908113E+04   1.037299E+05  1.210640E+02
  4.450000E-01   9.065651E+04   1.053894E+05  1.217595E+02
  4.500000E-01   9.221105E+04   1.070211E+05  1.223968E+02
  4.550000E-01   9.374340E+04   1.086234E+05  1.229753E+02
  4.600000E-01   9.525222E+04   1.101951E+05  1.234945E+02
  4.650000E-01   9.673620E+04   1.117346E+05  1.239538E+02
  4.700000E-01   9.819402E+04   1.132407E+05  1.243527E+02
  4.750000E-01   9.962441E+04   1.147120E+05  1.246910E+02
  4.800000E-01   1.010261E+05   1.161473E+05  1.249682E+02
  4.850000E-01   1.023979E+05   1.175452E+05  1.251841E+02
  4.900000E-01   1.037385E+05   1.189045E+05  1.253385E+02
  4.950000E-01   1.050469E+05   1.202240E+05  1.254312E+02
  5.000000E-01   1.063217E+05   1.215026E+05  1.254621E+02
  5.050000E-01   1.075620E+05   1.227392E+05  1.254312E+02
  5.100000E-01   1.087666E+05   1.239326E+05  1.253385E+02
  5.150000E-01   1.099345E+05   1.250817E+05  1.251841E+02
  5.200000E-01   1.110645E+05   1.261857E+05  1.249682E+02
  5.250000E-01   1.121558E+05   1.272435E+05  1.246910E+02
  5.300000E-01   1.132074E+05   1.282541E+05  1.243527E+02
  5.350000E-01   1.142184E+05   1.292168E+05  1.239538E+02
  5.400000E-01   1.151878E+05   1.301306E+05  1.234945E+02
  5.450000E-01   1.161148E+05   1.309948E+05  1.229753E+02
  5.500000E-01   1.169986E+05   1.318086E+05  1.223968E+02
  5.550000E-01   1.178384E+05   1.325713E+05  1.217595E+02
  5.600000E-01   1.186335E+05   1.332823E+05  1.210640E+02
  5.650000E-01   1.193833E+05   1.339409E+05  1.203111E+02
  5.700000E-01   1.200870E+05   1.345467E+05  1.195014E+02
  5.750000E-01   1.207441E+05   1.350990E+05  1.186358E+02
  5.800000E-01   1.213540E+05   1.355975E+05  1.177152E+02
  5.850000E-01   1.219162E+05   1.360418E+05  1.167403E+02
  5.900000E-01   1.224302E+05   1.364314E+05  1.157123E+02
  5.950000E-01   1.228956E+05   1.367661E+05  1.146321E+02
  6.000000E-01   1.233120E+05   1.370456E+05  1.135008E+02
  6.050000E-01   1.236791E+05   1.372697E+05  1.123195E+02
  6.100000E-01   1.239966E+05   1.374384E+05  1.110893E+02
  6.150000E-01   1.242642E+05   1.375514E+05  1.098115E+02
  6.200000E-01   1.244818E+05   1.376088E+05  1.084873E+02
  6.250000E-01   1.246492E+05   1.376105E+05  1.071181E+02
  6.300000E-01   1.247663E+05   1.375567E+05  1.057052E+02
  6.350000E-01   1.248331E+05   1.374474E+05  1.042500E+02
  6.400000E-01   1.248496E+05   1.372828E+05  1.027539E+02
  6.450000E-01   1.248158E+05   1.370632E+05  1.012184E+02
  6.500000E-01   1.247318E+05   1.367888E+05  9.964499E+01
  6.550000E-01   1.245977E+05   1.364600E+05  9.803527E+01
  6.600000E-01   1.244138E+05   1.360771E+05  9.639082E+01
  6.650000E-01   1.241802E+05   1.356405E+05  9.471324E+01
  6.700000E-01   1.238973E+05   1.351508E+05  9.300420E+01
  6.750000E-01   1.235654E+05   1.346085E+05  9.126539E+01
  6.800000E-01   1.231849E+05   1.340142E+05  8.949851E+01
  6.850000E-01   1.227562E+05   1.333685E+05  8.770532E+01
  6.900000E-01   1.222797E+05   1.326721E+05  8.588758E+01
  6.950000E-01   1.217560E+05   1.319257E+05  8.404709E+01
  7.000000E-01   1.211856E+05   1.311301E+05  8.218566E+01
  7.050000E-01   1.205693E+05   1.302862E+05  8.030514E+01
  7.100000E-01   1.199075E+05   1.293948E+05  7.840736E+01
  7.150000E-01   1.192010E+05   1.284568E+05  7.649422E+01
  7.200000E-01   1.184506E+05   1.274732E+05  7.456759E+01
  7.250000E-01   1.176569E+05   1.264451E+05  7.262939E+01
  7.300000E-01   1.168210E+05   1.253734E+05  7.068151E+01
  7.350000E-01   1.159435E+05   1.242593E+05  6.872588E+01
  7.400000E-01   1.150254E+05   1.231039E+05  6.676444E+01
  7.450000E-01   1.140677E+05   1.219084E+05  6.479912E+01
  7.500000E-01   1.130713E+05   1.206740E+05  6.283185E+01
  7.550000E-01   1.120373E+05   1.194019E+05  6.086459E+01
  7.600000E-01   1.109667E+05   1.180935E+05  5.889927E+01
  7.650000E-01   1.098605E+05   1.167500E+05  5.693782E+01
  7.700000E-01   1.087200E+05   1.153729E+05  5.498220E+01
  7.750000E-01   1.075463E+05   1.139634E+05  5.303432E+01
  7.800000E-01   1.063405E+05   1.125231E+05  5.109611E+01
  7.850000E-01   1.051038E+05   1.110533E+05  4.916948E+01
  7.900000E-01   1.038376E+05   1.095556E+05  4.725634E+01
  7.950000E-01   1.025431E+05   1.080315E+05  4.535857E+01
  8.000000E-01   1.012216E+05   1.064825E+05  4.347804E+01
  8.050000E-01   9.987447E+04   1.049101E+05  4.161661E+01
  8.100000E-01   9.850300E+04   1.033159E+05  3.977612E+01
  8.150000E-01   9.710860E+04   1.017016E+05  3.795838E+01
  8.200000E-01   9.569266E+04   1.000686E+05  3.616519E+01
  8.250000E-01   9.425661E+04   9.841881E+04  3.439832E+01
  8.300000E-01   9.280189E+04   9.675369E+04  3.265950E+01
  8.350000E-01   9.132995E+04   9.507496E+04  3.095046E+01
  8.400000E-01   8.984227E+04   9.338429E+04  2.927289E+01
  8.450000E-01   8.834034E+04   9.168338E+04  2.762843E+01
  8.500000E-01   8.682566E+04   8.997392E+04  2.601872E+01
  8.550000E-01   8.529974E+04   8.825763E+04  2.444533E+01
  8.600000E-01   8.376411E+04   8.653620E+04  2.290983E+01
  8.650000E-01   8.222031E+04   8.481137E+04  2.141372E+01
  8.700000E-01   8.066987E+04   8.308485E+04  1.995850E+01
  8.750000E-01   7.911434E+04   8.135836E+04  1.854558E+01
  8.800000E-01   7.755528E+04   7.963362E+04  1.717637E+01
  8.850000E-01   7.599423E+04   7.791235E+04  1.585221E+01
  8.900000E-01   7.443277E+04   7.619627E+04  1.457442E+01
  8.950000E-01   7.287243E+04   7.448709E+04  1.334425E+01
  9.000000E-01   7.131479E+04   7.278650E+04  1.216292E+01
  9.050000E-01   6.976138E+04   7.109621E+04  1.103159E+01
  9.100000E-01   6.821377E+04   6.941788E+04  9.951385E+00
  9.150000E-01   6.667348E+04   6.775321E+04  8.923363E+00
  9.200000E-01   6.514205E+04   6.610383E+04  7.948543E+00
  9.250000E-01   6.362102E+04   6.447139E+04  7.027890E+00
  9.300000E-01   6.211188E+04   6.285752E+04  6.162307E+00
  9.350000E-01   6.061615E+04   6.126382E+04  5.352650E+00
  9.400000E-01   5.913531E+04   5.969188E+04  4.599718E+00
  9.450000E-01   5.767084E+04   5.814326E+04  3.904255E+00
  9.500000E-01   5.622419E+04   5.661949E+04  3.266946E+00
  9.550000E-01   5.479680E+04   5.512210E+04  2.688422E+00
  9.600000E-01   5.339009E+04   5.365257E+04  2.169253E+00
  9.650000E-01   5.200546E+04   5.221237E+04  1.709946E+00
  9.700000E-01   5.064429E+04   5.080292E+04  1.310961E+00
  9.750000E-01   4.930793E+04   4.942563E+04  9.726895E-01
  9.800000E-01   4.799771E+04   4.808186E+04  6.954652E-01
  9.850000E-01   4.671493E+04   4.677295E+04  4.795619E-01
  9.900000E-01   4.546086E+04   4.550021E+04  3.251927E-01
  9.950000E-01   4.423676E+04   4.426490E+04  2.325101E-01
  1.000000E+00   4.304384E+04   4.306824E+04  2.016058E-01
  1.005000E+00   4.188329E+04   4.191142E+04  2.325102E-01
  1.010000E+00   4.075625E+04   4.079560E+04  3.251920E-01
  1.015000E+00   3.966386E+04   3.972189E+04  4.795609E-01
  1.020000E+00   3.860719E+04   3.869134E+04  6.954645E-01
  1.025000E+00   3.758730E+04   3.770500E+04  9.726894E-01
  1.030000E+00   3.660520E+04   3.676383E+04  1.310961E+00
  1.035000E+00   3.566187E+04   3.586877E+04  1.709947E+00
  1.040000E+00   3.475824E+04   3.502072E+04  2.169251E+00
  1.045000E+00   3.389522E+04   3.422052E+04  2.688422E+00
  1.050000E+00   3.307365E+04   3.346895E+04  3.266947E+00
  1.055000E+00   3.229437E+04   3.276679E+04  3.904256E+00
  1.060000E+00   3.155814E+04   3.211471E+04  4.599719E+00
  1.065000E+00   3.086570E+04   3.151338E+04  5.352650E+00
  1.070000E+00   3.021774E+04   3.096338E+04  6.162307E+00
  1.075000E+00   2.961490E+04   3.046528E+04  7.027890E+00
  1.080000E+00   2.905778E+04   3.001956E+04  7.948545E+00
  1.085000E+00   2.854695E+04   2.962667E+04  8.923364E+00
  1.090000E+00   2.808289E+04   2.928701E+04  9.951384E+00
  1.095000E+00   2.766609E+04   2.900092E+04  1.103159E+01
  1.100000E+00   2.729696E+04   2.876867E+04  1.216292E+01
  1.105000E+00   2.697586E+04   2.859052E+04  1.334425E+01
  1.110000E+00   2.670313E+04   2.846663E+04  1.457442E+01
  1.115000E+00   2.647902E+04   2.839714E+04  1.585221E+01
  1.120000E+00   2.630377E+04   2.838211E+04  1.717637E+01
  1.125000E+00   2.617756E+04   2.842158E+04  1.854558E+01
  1.130000E+00   2.610051E+04   2.851549E+04  1.995850E+01
  1.135000E+00   2.607271E+04   2.866377E+04  2.141373E+01
  1.140000E+00   2.609418E+04   2.886627E+04  2.290983E+01
  1.145000E+00   2.616491E+04   2.912280E+04  2.444533E+01
  1.150000E+00   2.628484E+04   2.943310E+04  2.601872E+01
  1.155000E+00   2.645384E+04   2.979688E+04  2.762843E+01
  1.160000E+00   2.667176E+04   3.021378E+04  2.927289E+01
  1.165000E+00   2.693838E+04   3.068338E+04  3.095047E+01
  1.170000E+00   2.725344E+04   3.120524E+04  3.265950E+01
  1.175000E+00   2.761664E+04   3.177884E+04  3.439832E+01
  1.180000E+00   2.802763E+04   3.240361E+04  3.616519E+01
  1.185000E+00   2.848599E+04   3.307895E+04  3.795838E+01
  1.190000E+00   2.899128E+04   3.380419E+04  3.977612E+01
  1.195000E+00   2.954300E+04   3.457861E+04  4.161661E+01
  1.200000E+00   3.014062E+04   3.540146E+04  4.347804E+01
  1.205000E+00   3.078354E+04   3.627193E+04  4.535857E+01
  1.210000E+00   3.147114E+04   3.718916E+04  4.725634E+01
  1.215000E+00   3.220273E+04   3.815224E+04  4.916948E+01
  1.220000E+00   3.297760E+04   3.916023E+04  5.109611E+01
  1.225000E+00   3.379499E+04   4.021215E+04  5.303432E+01
  1.230000E+00   3.465409E+04   4.130694E+04  5.498220E+01
  1.235000E+00   3.555406E+04   4.244354E+04  5.693782E+01
  1.240000E+00   3.649401E+04   4.362082E+04  5.889926E+01
  1.245000E+00   3.747301E+04   4.483763E+04  6.086459E+01
  1.250000E+00   3.849011E+04   4.609276E+04  6.283185E+01
  1.255000E+00   3.954430E+04   4.738499E+04  6.479912E+01
  1.260000E+00   4.063453E+04   4.871303E+04  6.676444E+01
  1.265000E+00   4.175975E+04   5.007558E+04  6.872588E+01
  1.270000E+00   4.291884E+04   5.147130E+04  7.068151E+01
  1.275000E+00   4.411065E+04   5.289881E+04  7.262939E+01
  1.280000E+00   4.533402E+04   5.435670E+04  7.456759E+01
  1.285000E+00   4.658773E+04   5.584353E+04  7.649422E+01
  1.290000E+00   4.787056E+04   5.735785E+04  7.840737E+01
  1.295000E+00   4.918123E+04   5.889816E+04  8.030514E+01
  1.300000E+00   5.051847E+04   6.046293E+04  8.218567E+01
  1.305000E+00   5.188093E+04   6.205063E+04  8.404709E+01
  1.310000E+00   5.326730E+04   6.365970E+04  8.588759E+01
  1.315000E+00   5.467619E+04   6.528854E+04  8.770532E+01
  1.320000E+00   5.610623E+04   6.693555E+04  8.949851E+01
  1.325000E+00   5.755599E+04   6.859910E+04  9.126539E+01
  1.330000E+00   5.902405E+04   7.027756E+04  9.300420E+01
  1.335000E+00   6.050897E+04   7.196927E+04  9.471324E+01
  1.340000E+00   6.200928E+04   7.367257E+04  9.639082E+01
  1.345000E+00   6.352350E+04   7.538576E+04  9.803527E+01
  1.350000E+00   6.505013E+04   7.710717E+04  9.964499E+01
  1.355000E+00   6.658767E+04   7.883510E+04  1.012184E+02
  1.360000E+00   6.813462E+04   8.056783E+04  1.027539E+02
  1.365000E+00   6.968943E+04   8.230367E+04  1.042500E+02
  1.370000E+00   7.125057E+04   8.404090E+04  1.057052E+02
  1.375000E+00   7.281652E+04   8.577781E+04  1.071181E+02
  1.380000E+00   7.438571E+04   8.751268E+04  1.084873E+02
  1.385000E+00   7.595662E+04   8.924381E+04  1.098115E+02
  1.390000E+00   7.752767E+04   9.096948E+04  1.110893E+02
  1.395000E+00   7.909734E+04   9.268799E+04  1.123195E+02
  1.400000E+00   8.066406E+04   9.439766E+04  1.135008E+02
  1.405000E+00   8.222630E+04   9.609679E+04  1.146321E+02
  1.410000E+00   8.378251E+04   9.778370E+04  1.157123E+02
  1.415000E+00   8.533115E+04   9.945674E+04  1.167403E+02
  1.420000E+00   8.687071E+04   1.011142E+05  1.177152E+02
  1.425000E+00   8.839966E+04   1.027546E+05  1.186358E+02
  1.430000E+00   8.991649E+04   1.043762E+05  1.195014E+02
  1.435000E+00   9.141971E+04   1.059773E+05  1.203111E+02
  1.440000E+00   9.290784E+04   1.075566E+05  1.210640E+02
  1.445000E+00   9.437940E+04   1.091123E+05  1.217594E+02
  1.450000E+00   9.583294E+04   1.106429E+05  1.223968E+02
  1.455000E+00   9.726704E+04   1.121470E+05  1.229753E+02
  1.460000E+00   9.868027E+04   1.136231E+05  1.234945E+02
  1.465000E+00   1.000713E+05   1.150697E+05  1.239538E+02
  1.470000E+00   1.014386E+05   1.164853E+05  1.243527E+02
  1.475000E+00   1.027810E+05   1.178686E+05  1.246910E+02
  1.480000E+00   1.040970E+05   1.192182E+05  1.249682E+02
  1.485000E+00   1.053855E+05   1.205328E+05  1.251841E+02
  1.490000E+00   1.066451E+05   1.218111E+05  1.253385E+02
  1.495000E+00   1.078746E+05   1.230518E+05  1.254312E+02
  1.500000E+00   1.090727E+05   1.242537E+05  1.254621E+02
  1.505000E+00   1.102384E+05   1.254156E+05  1.254312E+02
  1.510000E+00   1.113704E+05   1.265363E+05  1.253385E+02
  1.515000E+00   1.124676E+05   1.276149E+05  1.251841E+02
  1.520000E+00   1.135290E+05   1.286501E+05  1.249682E+02
  1.525000E+00   1.145534E+05   1.296410E+05  1.246910E+02
  1.530000E+00   1.155400E+05   1.305866E+05  1.243527E+02
  1.535000E+00   1.164876E+05   1.314860E+05  1.239538E+02
  1.540000E+00   1.173954E+05   1.323383E+05  1.234945E+02
  1.545000E+00   1.182626E+05   1.331426E+05  1.229753E+02
  1.550000E+00   1.190881E+05   1.338981E+05  1.223968E+02
  1.555000E+00   1.198712E+05   1.346041E+05  1.217595E+02
  1.560000E+00   1.206112E+05   1.352600E+05  1.210640E+02
  1.565000E+00   1.213073E+05   1.358650E+05  1.203111E+02
  1.570000E+00   1.219589E+05   1.364185E+05  1.195014E+02
  1.575000E+00   1.225652E+05   1.369201E+05  1.186358E+02
  1.580000E+00   1.231257E+05   1.373692E+05  1.177152E+02
  1.585000E+00   1.236398E+05   1.377654E+05  1.167403E+02
  1.590000E+00   1.241070E+05   1.381082E+05  1.157123E+02
  1.595000E+00   1.245269E+05   1.383974E+05  1.146321E+02
  1.600000E+00   1.248991E+05   1.386327E+05  1.135008E+02
  1.605000E+00   1.252231E+05   1.388138E+05  1.123195E+02
  1.610000E+00   1.254987E+05   1.389405E+05  1.110893E+02
  1.615000E+00   1.257256E+05   1.390128E+05  1.098115E+02
  1.620000E+00   1.259036E+05   1.390305E+05  1.084873E+02
  1.625000E+00   1.260324E+05   1.389937E+05  1.071181E+02
  1.630000E+00   1.261120E+05   1.389024E+05  1.057052E+02
  1.635000E+00   1.261423E+05   1.387566E+05  1.042500E+02
  1.640000E+00   1.261233E+05   1.385565E+05  1.027539E+02
  1.645000E+00   1.260549E+05   1.383023E+05  1.012184E+02
  1.650000E+00   1.259373E+05   1.379943E+05  9.964499E+01
  1.655000E+00   1.257705E+05   1.376328E+05  9.803527E+01
  1.660000E+00   1.255548E+05   1.372180E+05  9.639082E+01
  1.665000E+00   1.252902E+05   1.367506E+05  9.471324E+01
  1.670000E+00   1.249772E+05   1.362307E+05  9.300420E+01
  1.675000E+00   1.246160E+05   1.356592E+05  9.126539E+01
  1.680000E+00   1.242070E+05   1.350363E+05  8.949851E+01
  1.685000E+00   1.237505E+05   1.343629E+05  8.770532E+01
  1.690000E+00   1.232471E+05   1.336395E+05  8.588758E+01
  1.695000E+00   1.226972E+05   1.328669E+05  8.404709E+01
  1.700000E+00   1.221013E+05   1.320457E+05  8.218566E+01
  1.705000E+00   1.214601E+05   1.311770E+05  8.030514E+01
  1.710000E+00   1.207741E+05   1.302614E+05  7.840736E+01
  1.715000E+00   1.200441E+05   1.292999E+05  7.649422E+01
  1.720000E+00   1.192708E+05   1.282935E+05  7.456759E+01
  1.725000E+00   1.184549E+05   1.272431E+05  7.262939E+01
  1.730000E+00   1.175973E+05   1.261498E+05  7.068151E+01
  1.735000E+00   1.166988E+05   1.250146E+05  6.872588E+01
  1.740000E+00   1.157602E+05   1.238387E+05  6.676444E+01
  1.745000E+00   1.147826E+05   1.226233E+05  6.479912E+01
  1.750000E+00   1.137668E+05   1.213695E+05  6.283185E+01
  1.755000E+00   1.127139E+05   1.200785E+05  6.086459E+01
  1.760000E+00   1.116249E+05   1.187517E+05  5.889927E+01
  1.765000E+00   1.105009E+05   1.173904E+05  5.693782E+01
  1.770000E+00   1.093430E+05   1.159959E+05  5.498220E+01
  1.775000E+00   1.081524E+05   1.145695E+05  5.303432E+01
  1.780000E+00   1.069301E+05   1.131128E+05  5.109611E+01
  1.785000E+00   1.056775E+05   1.116270E+05  4.916948E+01
  1.790000E+00   1.043957E+05   1.101138E+05  4.725634E+01
  1.795000E+00   1.030861E+05   1.085745E+05  4.535857E+01
  1.800000E+00   1.017499E+05   1.070107E+05  4.347804E+01
  1.805000E+00   1.003884E+05   1.054240E+05  4.161661E+01
  1.810000E+00   9.900298E+04   1.038159E+05  3.977612E+01
  1.815000E+00   9.759501E+04   1.021880E+05  3.795838E+01
  1.820000E+00   9.616588E+04   1.005419E+05  3.616519E+01
  1.825000E+00   9.471699E+04   9.887919E+04  3.439832E+01
  1.830000E+00   9.324978E+04   9.720158E+04  3.265950E+01
  1.835000E+00   9.176569E+04   9.551070E+04  3.095046E+01
  1.840000E+00   9.026619E+04   9.380821E+04  2.927289E+01
  1.845000E+00   8.875276E+04   9.209580E+04  2.762843E+01
  1.850000E+00   8.722689E+04   9.037515E+04  2.601872E+01
  1.855000E+00   8.569009E+04   8.864797E+04  2.444533E+01
  1.860000E+00   8.414387E+04   8.691596E+04  2.290983E+01
  1.865000E+00   8.258976E+04   8.518082E+04  2.141372E+01
  1.870000E+00   8.102930E+04   8.344428E+04  1.995850E+01
  1.875000E+00   7.946402E+04   8.170804E+04  1.854558E+01
  1.880000E+00   7.789547E+04   7.997381E+04  1.717637E+01
  1.885000E+00   7.632520E+04   7.824332E+04  1.585221E+01
  1.890000E+00   7.475475E+04   7.651826E+04  1.457442E+01
  1.895000E+00   7.318569E+04   7.480034E+04  1.334425E+01
  1.900000E+00   7.161954E+04   7.309126E+04  1.216292E+01
  1.905000E+00   7.005787E+04   7.139269E+04  1.103159E+01
  1.910000E+00   6.850221E+04   6.970633E+04  9.951385E+00
  1.915000E+00   6.695410E+04   6.803382E+04  8.923363E+00
  1.920000E+00   6.541506E+04   6.637683E+04  7.948543E+00
  1.925000E+00   6.388662E+04   6.473699E+04  7.027890E+00
  1.930000E+00   6.237028E+04   6.311592E+04  6.162307E+00
  1.935000E+00   6.086754E+04   6.151521E+04  5.352650E+00
  1.940000E+00   5.937988E+04   5.993645E+04  4.599718E+00
  1.945000E+00   5.790877E+04   5.838119E+04  3.904255E+00
  1.950000E+00   5.645567E+04   5.685097E+04  3.266946E+00
  1.955000E+00   5.502200E+04   5.534730E+04  2.688422E+00
  1.960000E+00   5.360918E+04   5.387166E+04  2.169253E+00
  1.965000E+00   5.221861E+04   5.242551E+04  1.709946E+00
  1.970000E+00   5.085165E+04   5.101028E+04  1.310961E+00
  1.975000E+00   4.950967E+04   4.962736E+04  9.726895E-01
  1.980000E+00   4.819397E+04   4.827812E+04  6.954652E-01
  1.985000E+00   4.690587E+04   4.696389E+04  4.795619E-01
  1.990000E+00   4.564662E+04   4.568597E+04  3.251927E-01
  1.995000E+00   4.441748E+04   4.444562E+04  2.325101E-01
  2.000000E+00   4.321966E+04   4.324406E+04  2.016058E-01
  2.005000E+00   4.205434E+04   4.208247E+04  2.325102E-01
  2.010000E+00   4.092266E+04   4.096201E+04  3.251923E-01
  2.015000E+00   3.982575E+04   3.988378E+04  4.795609E-01
  2.020000E+00   3.876470E+04   3.884885E+04  6.954645E-01
  2.025000E+00   3.774053E+04   3.785823E+04  9.726893E-01
  2.030000E+00   3.675427E+04   3.691290E+04  1.310961E+00
  2.035000E+00   3.580690E+04   3.601380E+04  1.709947E+00
  2.040000E+00   3.489933E+04   3.516181E+04  2.169251E+00
  2.045000E+00   3.403248E+04   3.435778E+04  2.688422E+00
  2.050000E+00   3.320720E+04   3.360250E+04  3.266947E+00
  2.055000E+00   3.242429E+04   3.289671E+04  3.904256E+00
  2.060000E+00   3.168454E+04   3.224111E+04  4.599719E+00
  2.065000E+00   3.098867E+04   3.163634E+04  5.352650E+00
  2.070000E+00   3.033737E+04   3.108301E+04  6.162307E+00
  2.075000E+00   2.973129E+04   3.058166E+04  7.027890E+00
  2.080000E+00   2.917101E+04   3.013279E+04  7.948545E+00
  2.085000E+00   2.865710E+04   2.973683E+04  8.923364E+00
  2.090000E+00   2.819006E+04   2.939418E+04  9.951384E+00
  2.095000E+00   2.777035E+04   2.910518E+04  1.103159E+01
  2.100000E+00   2.739839E+04   2.887011E+04  1.216292E+01
  2.105000E+00   2.707455E+04   2.868920E+04  1.334425E+01
  2.110000E+00   2.679913E+04   2.856264E+04  1.457442E+01
  2.115000E+00   2.657242E+04   2.849054E+04  1.585221E+01
  2.120000E+00   2.639464E+04   2.847298E+04  1.717637E+01
  2.125000E+00   2.626596E+04   2.850998E+04  1.854558E+01
  2.130000E+00   2.618652E+04   2.860149E+04  1.995850E+01
  2.135000E+00   2.615638E+04   2.874744E+04  2.141373E+01
  2.140000E+00   2.617558E+04   2.894767E+04  2.290983E+01
  2.145000E+00   2.624411E+04   2.920199E+04  2.444533E+01
  2.150000E+00   2.636188E+04   2.951015E+04  2.601872E+01
  2.155000E+00   2.652879E+04   2.987183E+04  2.762843E+01
  2.160000E+00   2.674468E+04   3.028670E+04  2.927289E+01
  2.165000E+00   2.700932E+04   3.075433E+04  3.095047E+01
  2.170000E+00   2.732246E+04   3.127426E+04  3.265950E+01
  2.175000E+00   2.768379E+04   3.184599E+04  3.439832E+01
  2.180000E+00   2.809295E+04   3.246894E+04  3.616519E+01
  2.185000E+00   2.854954E+04   3.314250E+04  3.795838E+01
  2.190000E+00   2.905311E+04   3.386602E+04  3.977612E+01
  2.195000E+00   2.960315E+04   3.463876E+04  4.161661E+01
  2.200000E+00   3.019914E+04   3.545998E+04  4.347804E+01
  2.205000E+00   3.084047E+04   3.632886E+04  4.535857E+01
  2.210000E+00   3.152652E+04   3.724454E+04  4.725634E+01
  2.215000E+00   3.225662E+04   3.820612E+04  4.916948E+01
  2.220000E+00   3.303003E+04   3.921266E+04  5.109611E+01
  2.225000E+00   3.384599E+04   4.026315E+04  5.303432E+01
  2.230000E+00   3.470371E+04   4.135656E+04  5.498220E+01
  2.235000E+00   3.560233E+04   4.249181E+04  5.693782E+01
  2.240000E+00   3.654097E+04   4.366778E+04  5.889926E+01
  2.245000E+00   3.751870E+04   4.488332E+04  6.086459E+01
  2.250000E+00   3.853456E+04   4.613721E+04  6.283185E+01
  2.255000E+00   3.958754E+04   4.742823E+04  6.479912E+01
  2.260000E+00   4.067660E+04   4.875510E+04  6.676444E+01
  2.265000E+00   4.180068E+04   5.011651E+04  6.872588E+01
  2.270000E+00   4.295865E+04   5.151112E+04  7.068151E+01
  2.275000E+00   4.414939E+04   5.293754E+04  7.262939E+01
  2.280000E+00   4.537170E+04   5.439438E+04  7.456759E+01
  2.285000E+00   4.662440E+04   5.588020E+04  7.649422E+01
  2.290000E+00   4.790623E+04   5.739352E+04  7.840737E+01
  2.295000E+00   4.921594E+04   5.893286E+04  8.030514E+01
  2.300000E+00   5.055223E+04   6.049669E+04  8.218567E+01
  2.305000E+00   5.191378E+04   6.208348E+04  8.404709E+01
  2.310000E+00   5.329925E+04   6.369165E+04  8.588759E+01
  2.315000E+00   5.470728E+04   6.531962E+04  8.770532E+01
  2.320000E+00   5.613647E+04   6.696579E+04  8.949851E+01
  2.325000E+00   5.758541E+04   6.862853E+04  9.126539E+01
  2.330000E+00   5.905268E+04   7.030619E+04  9.300420E+01
  2.335000E+00   6.053682E+04   7.199712E+04  9.471324E+01
  2.340000E+00   6.203637E+04   7.369966E+04  9.639082E+01
  2.345000E+00   6.354985E+04   7.541212E+04  9.803527E+01
  2.350000E+00   6.507577E+04   7.713282E+04  9.964499E+01
  2.355000E+00   6.661262E+04   7.886004E+04  1.012184E+02
  2.360000E+00   6.815889E+04   8.059210E+04  1.027539E+02
  2.365000E+00   6.971304E+04   8.232729E+04  1.042500E+02
  2.370000E+00   7.127354E+04   8.406387E+04  1.057052E+02
  2.375000E+00   7.283887E+04   8.580016E+04  1.071181E+02
  2.380000E+00   7.440746E+04   8.753442E+04  1.084873E+02
  2.385000E+00   7.597777E+04   8.926496E+04  1.098115E+02
  2.390000E+00   7.754825E+04   9.099006E+04  1.110893E+02
  2.395000E+00   7.911736E+04   9.270801E+04  1.123195E+02
  2.400000E+00   8.068354E+04   9.441714E+04  1.135008E+02
  2.405000E+00   8.224525E+04   9.611573E+04  1.146321E+02
  2.410000E+00   8.380094E+04   9.780213E+04  1.157123E+02
  2.415000E+00   8.534909E+04   9.947467E+04  1.167403E+02
  2.420000E+00   8.688816E+04   1.011317E+05  1.177152E+02
  2.425000E+00   8.841663E+04   1.027716E+05  1.186358E+02
  2.430000E+00   8.993301E+04   1.043927E+05  1.195014E+02
  2.435000E+00   9.143578E+04   1.059934E+05  1.203111E+02
  2.440000E+00   9.292347E+04   1.075722E+05  1.210640E+02
  2.445000E+00   9.439460E+04   1.091275E+05  1.217594E+02
  2.450000E+00   9.584774E+04   1.106577E+05  1.223968E+02
  2.455000E+00   9.728143E+04   1.121614E+05  1.229753E+02
  2.460000E+00   9.869428E+04   1.136371E+05  1.234945E+02
  2.465000E+00   1.000849E+05   1.150833E+05  1.239538E+02
  2.470000E+00   1.014519E+05   1.164985E+05  1.243527E+02
  2.475000E+00   1.027939E+05   1.178815E+05  1.246910E+02
  2.480000E+00   1.041096E+05   1.192307E+05  1.249682E+02
  2.485000E+00   1.053977E+05   1.205450E+05  1.251841E+02
  2.490000E+00   1.066570E+05   1.218229E+05  1.253385E+02
  2.495000E+00   1.078861E+05   1.230633E+05  1.254312E+02
  2.500000E+00   1.090840E+05   1.242649E+05  1.254621E+02
  2.505000E+00   1.102493E+05   1.254265E+05  1.254312E+02
  2.510000E+00   1.113810E+05   1.265470E+05  1.253385E+02
  2.515000E+00   1.124780E+05   1.276252E+05  1.251841E+02
  2.520000E+00   1.135390E+05   1.286602E+05  1.249682E+02
  2.525000E+00   1.145632E+05   1.296508E+05  1.246910E+02
  2.530000E+00   1.155495E+05   1.305962E+05  1.243527E+02
  2.535000E+00   1.164969E+05   1.314953E+05  1.239538E+02
  2.540000E+00   1.174045E+05   1.323473E+05  1.234945E+02
  2.545000E+00   1.182713E+05   1.331513E+05  1.229753E+02
  2.550000E+00   1.190966E+05   1.339066E+05  1.223968E+02
  2.555000E+00   1.198796E+05   1.346124E+05  1.217595E+02
  2.560000E+00   1.206193E+05   1.352681E+05  1.210640E+02
  2.565000E+00   1.213152E+05   1.358728E+05  1.203111E+02
  2.570000E+00   1.219665E+05   1.364262E+05  1.195014E+02
  2.575000E+00   1.225726E+05   1.369276E+05  1.186358E+02
  2.580000E+00   1.231329E+05   1.373764E+05  1.177152E+02
  2.585000E+00   1.236468E+05   1.377724E+05  1.167403E+02
  2.590000E+00   1.241139E+05   1.381151E+05  1.157123E+02
  2.595000E+00   1.245336E+05   1.384041E+05  1.146321E+02
  2.600000E+00   1.249056E+05   1.386392E+05  1.135008E+02
  2.605000E+00   1.252294E+05   1.388201E+05  1.123195E+02
  2.610000E+00   1.255049E+05   1.389467E+05  1.110893E+02
  2.615000E+00   1.257316E+05   1.390188E+05  1.098115E+02
  2.620000E+00   1.259094E+05   1.390363E+05  1.084873E+02
  2.625000E+00   1.260381E+05   1.389994E+05  1.071181E+02
  2.630000E+00   1.261175E+05   1.389079E+05  1.057052E+02
  2.635000E+00   1.261477E+05   1.387619E+05  1.042500E+02
  2.640000E+00   1.261285E+05   1.385617E+05  1.027539E+02
  2.645000E+00   1.260600E+05   1.383074E+05  1.012184E+02
  2.650000E+00   1.259422E+05   1.379992E+05  9.964499E+01
  2.655000E+00   1.257753E+05   1.376376E+05  9.803527E+01
  2.660000E+00   1.255594E+05   1.372227E+05  9.639082E+01
  2.665000E+00   1.252948E+05   1.367551E+05  9.471324E+01
  2.670000E+00   1.249817E+05   1.362352E+05  9.300420E+01
  2.675000E+00   1.246203E+05   1.356634E+05  9.126539E+01
  2.680000E+00   1.242112E+05   1.350405E+05  8.949851E+01
  2.685000E+00   1.237546E+05   1.343669E+05  8.770532E+01
  2.690000E+00   1.232510E+05   1.336434E+05  8.588758E+01
  2.695000E+00   1.227010E+05   1.328707E+05  8.404709E+01
  2.700000E+00   1.221050E+05   1.320495E+05  8.218566E+01
  2.705000E+00   1.214637E+05   1.311806E+05  8.030514E+01
  2.710000E+00   1.207776E+05   1.302649E+05  7.840736E+01
  2.715000E+00   1.200476E+05   1.293034E+05  7.649422E+01
  2.720000E+00   1.192742E+05   1.282968E+05  7.456759E+01
  2.725000E+00   1.184582E+05   1.272464E+05  7.262939E+01
  2.730000E+00   1.176005E+05   1.261529E+05  7.068151E+01
  2.735000E+00   1.167019E+05   1.250177E+05  6.872588E+01
  2.740000E+00   1.157632E+05   1.238417E+05  6.676444E+01
  2.745000E+00   1.147855E+05   1.226262E+05  6.479912E+01
  2.750000E+00   1.137697E+05   1.213723E+05  6.283185E+01
  2.755000E+00   1.127167E+05   1.200813E+05  6.086459E+01
  2.760000E+00   1.116276E+05   1.187544E+05  5.889927E+01
  2.765000E+00   1.105036E+05   1.173930E+05  5.693782E+01
  2.770000E+00   1.093456E+05   1.159984E+05  5.498220E+01
  2.775000E+00   1.081549E+05   1.145720E+05  5.303432E+01
  2.780000E+00   1.069325E+05   1.131152E+05  5.109611E+01
  2.785000E+00   1.056799E+05   1.116294E+05  4.916948E+01
  2.790000E+00   1.043980E+05   1.101160E+05  4.725634E+01
  2.795000E+00   1.030883E+05   1.085767E+05  4.535857E+01
  2.800000E+00   1.017520E+05   1.070129E+05  4.347804E+01
  2.805000E+00   1.003905E+05   1.054261E+05  4.161661E+01
  2.810000E+00   9.900502E+04   1.038179E+05  3.977612E+01
  2.815000E+00   9.759700E+04   1.021900E+05  3.795838E+01
  2.820000E+00   9.616781E+04   1.005438E+05  3.616519E+01
  2.825000E+00   9.471887E+04   9.888107E+04  3.439832E+01
  2.830000E+00   9.325161E+04   9.720341E+04  3.265950E+01
  2.835000E+00   9.176747E+04   9.551248E+04  3.095046E+01
  2.840000E+00   9.026792E+04   9.380994E+04  2.927289E+01
  2.845000E+00   8.875444E+04   9.209748E+04  2.762843E+01
  2.850000E+00   8.722853E+04   9.037679E+04  2.601872E+01
  2.855000E+00   8.569168E+04   8.864957E+04  2.444533E+01
  2.860000E+00   8.414542E+04   8.691751E+04  2.290983E+01
  2.865000E+00   8.259127E+04   8.518233E+04  2.141372E+01
  2.870000E+00   8.103077E+04   8.344574E+04  1.995850E+01
  2.875000E+00   7.946545E+04   8.170946E+04  1.854558E+01
  2.880000E+00   7.789686E+04   7.997520E+04  1.717637E+01
  2.885000E+00   7.632655E+04   7.824467E+04  1.585221E+01
  2.890000E+00   7.475607E+04   7.651957E+04  1.457442E+01
  2.895000E+00   7.318696E+04   7.480162E+04  1.334425E+01
  2.900000E+00   7.162079E+04   7.309250E+04  1.216292E+01
  2.905000E+00   7.005908E+04   7.139390E+04  1.103159E+01
  2.910000E+00   6.850339E+04   6.970751E+04  9.951385E+00
  2.915000E+00   6.695524E+04   6.803497E+04  8.923363E+00
  2.920000E+00   6.541618E+04   6.637795E+04  7.948543E+00
  2.925000E+00   6.388770E+04   6.473808E+04  7.027890E+00
  2.930000E+00   6.237133E+04   6.311697E+04  6.162307E+00
  2.935000E+00   6.086856E+04   6.151624E+04  5.352650E+00
  2.940000E+00   5.938088E+04   5.993744E+04  4.599718E+00
  2.945000E+00   5.790974E+04   5.838216E+04  3.904255E+00
  2.950000E+00   5.645661E+04   5.685191E+04  3.266946E+00
  2.955000E+00   5.502292E+04   5.534822E+04  2.688422E+00
  2.960000E+00   5.361007E+04   5.387255E+04  2.169253E+00
  2.965000E+00   5.221948E+04   5.242638E+04  1.709946E+00
  2.970000E+00   5.085250E+04   5.101113E+04  1.310961E+00
  2.975000E+00   4.951049E+04   4.962819E+04  9.726895E-01
  2.980000E+00   4.819477E+04   4.827893E+04  6.954652E-01
  2.985000E+00   4.690665E+04   4.696467E+04  4.795619E-01
  2.990000E+00   4.564738E+04   4.568673E+04  3.251927E-01
  2.995000E+00   4.441822E+04   4.444636E+04  2.325101E-01
  3.000000E+00   4.322038E+04   4.324477E+04  2.016058E-01
  3.005000E+00   4.205504E+04   4.208317E+04  2.325102E-01
  3.010000E+00   4.092334E+04   4.096269E+04  3.251923E-01
  3.015000E+00   3.982642E+04   3.988444E+04  4.795609E-01
  3.020000E+00   3.876534E+04   3.884949E+04  6.954645E-01
  3.025000E+00   3.774116E+04   3.785885E+04  9.726893E-01
  3.030000E+00   3.675488E+04   3.691351E+04  1.310961E+00
  3.035000E+00   3.580749E+04   3.601439E+04  1.709947E+00
  3.040000E+00   3.489991E+04   3.516239E+04  2.169251E+00
  3.045000E+00   3.403304E+04   3.435834E+04  2.688422E+00
  3.050000E+00   3.320774E+04   3.360304E+04  3.266947E+00
  3.055000E+00   3.242482E+04   3.289724E+04  3.904256E+00
  3.060000E+00   3.168506E+04   3.224162E+04  4.599719E+00
  3.065000E+00   3.098917E+04   3.163684E+04  5.352650E+00
  3.070000E+00   3.033786E+04   3.108350E+04  6.162307E+00
  3.075000E+00   2.973176E+04   3.058214E+04  7.027890E+00
  3.080000E+00   2.917147E+04   3.013325E+04  7.948545E+00
  3.085000E+00   2.865755E+04   2.973728E+04  8.923364E+00
  3.090000E+00   2.819050E+04   2.939462E+04  9.951384E+00
  3.095000E+00   2.777078E+04   2.910560E+04  1.103159E+01
  3.100000E+00   2.739881E+04   2.887052E+04  1.216292E+01
  3.105000E+00   2.707495E+04   2.868960E+04  1.334425E+01
  3.110000E+00   2.679952E+04   2.856303E+04  1.457442E+01
  3.115000E+00   2.657280E+04   2.849092E+04  1.585221E+01
  3.120000E+00   2.639501E+04   2.847335E+04  1.717637E+01
  3.125000E+00   2.626632E+04   2.851034E+04  1.854558E+01
  3.130000E+00   2.618687E+04   2.860185E+04  1.995850E+01
  3.135000E+00   2.615672E+04   2.874778E+04  2.141373E+01
  3.140000E+00   2.617592E+04   2.894800E+04  2.290983E+01
  3.145000E+00   2.624443E+04   2.920231E+04  2.444533E+01
  3.150000E+00   2.636220E+04   2.951046E+04  2.601872E+01
  3.155000E+00   2.652910E+04   2.987214E+04  2.762843E+01
  3.160000E+00   2.674498E+04   3.028699E+04  2.927289E+01
  3.165000E+00   2.700961E+04   3.075462E+04  3.095047E+01
  3.170000E+00   2.732274E+04   3.127454E+04  3.265950E+01
  3.175000E+00   2.768406E+04   3.184626E+04  3.439832E+01
  3.180000E+00   2.809322E+04   3.246921E+04  3.616519E+01
  3.185000E+00   2.854980E+04   3.314276E+04  3.795838E+01
  3.190000E+00   2.905336E+04   3.386627E+04  3.977612E+01
  3.195000E+00   2.960340E+04   3.463901E+04  4.161661E+01
  3.200000E+00   3.019938E+04   3.546022E+04  4.347804E+01
  3.205000E+00   3.084071E+04   3.632909E+04  4.535857E+01
  3.210000E+00   3.152675E+04   3.724477E+04  4.725634E+01
  3.215000E+00   3.225684E+04   3.820634E+04  4.916948E+01
  3.220000E+00   3.303024E+04   3.921287E+04  5.109611E+01
  3.225000E+00   3.384620E+04   4.026335E+04  5.303432E+01
  3.230000E+00   3.470391E+04   4.135676E+04  5.498220E+01
  3.235000E+00   3.560253E+04   4.249201E+04  5.693782E+01
  3.240000E+00   3.654116E+04   4.366797E+04  5.889926E+01
  3.245000E+00   3.751889E+04   4.488350E+04  6.086459E+01
  3.250000E+00   3.853474E+04   4.613739E+04  6.283185E+01
  3.255000E+00   3.958772E+04   4.742841E+04  6.479912E+01
  3.260000E+00   4.067678E+04   4.875527E+04  6.676444E+01
  3.265000E+00   4.180085E+04   5.011668E+04  6.872588E+01
  3.270000E+00   4.295882E+04   5.151128E+04  7.068151E+01
  3.275000E+00   4.414955E+04   5.293770E+04  7.262939E+01
  3.280000E+00   4.537186E+04   5.439454E+04  7.456759E+01
  3.285000E+00   4.662455E+04   5.588035E+04  7.649422E+01
  3.290000E+00   4.790637E+04   5.739366E+04  7.840737E+01
  3.295000E+00   4.921608E+04   5.893300E+04  8.030514E+01
  3.300000E+00   5.055236E+04   6.049683E+04  8.218567E+01
  3.305000E+00   5.191391E+04   6.208361E+04  8.404709E+01
  3.310000E+00   5.329938E+04   6.369178E+04  8.588759E+01
  3.315000E+00   5.470741E+04   6.531975E+04  8.770532E+01
  3.320000E+00   5.613659E+04   6.696591E+04  8.949851E+01
  3.325000E+00   5.758553E+04   6.862865E+04  9.126539E+01
  3.330000E+00   5.905280E+04   7.030630E+04  9.300420E+01
  3.335000E+00   6.053693E+04   7.199724E+04  9.471324E+01
  3.340000E+00   6.203648E+04   7.369977E+04  9.639082E+01
  3.345000E+00   6.354996E+04   7.541223E+04  9.803527E+01
  3.350000E+00   6.507588E+04   7.713292E+04  9.964499E+01
  3.355000E+00   6.661272E+04   7.886015E+04  1.012184E+02
  3.360000E+00   6.815898E+04   8.059220E+04  1.027539E+02
  3.365000E+00   6.971313E+04   8.232738E+04  1.042500E+02
  3.370000E+00   7.127364E+04   8.406397E+04  1.057052E+02
  3.375000E+00   7.283896E+04   8.580025E+04  1.071181E+02
  3.380000E+00   7.440754E+04   8.753451E+04  1.084873E+02
  3.385000E+00   7.597785E+04   8.926505E+04  1.098115E+02
  3.390000E+00   7.754834E+04   9.099014E+04  1.110893E+02
  3.395000E+00   7.911744E+04   9.270810E+04  1.123195E+02
  3.400000E+00   8.068362E+04   9.441721E+04  1.135008E+02
  3.405000E+00   8.224533E+04   9.611581E+04  1.146321E+02
  3.410000E+00   8.380102E+04   9.780221E+04  1.157123E+02
  3.415000E+00   8.534916E+04   9.947474E+04  1.167403E+02
  3.420000E+00   8.688823E+04   1.011318E+05  1.177152E+02
  3.425000E+00   8.841670E+04   1.027716E+05  1.186358E+02
  3.430000E+00   8.993307E+04   1.043927E+05  1.195014E+02
  3.435000E+00   9.143584E+04   1.059935E+05  1.203111E+02
  3.440000E+00   9.292353E+04   1.075723E+05  1.210640E+02
  3.445000E+00   9.439466E+04   1.091276E+05  1.217594E+02
  3.450000E+00   9.584780E+04   1.106578E+05  1.223968E+02
  3.455000E+00   9.728149E+04   1.121615E+05  1.229753E+02
  3.460000E+00   9.869433E+04   1.136372E+05  1.234945E+02
  3.465000E+00   1.000849E+05   1.150833E+05  1.239538E+02
  3.470000E+00   1.014519E+05   1.164986E+05  1.243527E+02
  3.475000E+00   1.027939E+05   1.178815E+05  1.246910E+02
  3.480000E+00   1.041096E+05   1.192308E+05  1.249682E+02
  3.485000E+00   1.053978E+05   1.205450E+05  1.251841E+02
  3.490000E+00   1.066570E+05   1.218230E+05  1.253385E+02
  3.495000E+00   1.078862E+05   1.230634E+05  1.254312E+02
  3.500000E+00   1.090840E+05   1.242649E+05  1.254621E+02
  3.505000E+00   1.102494E+05   1.254265E+05  1.254312E+02
  3.510000E+00   1.113811E+05   1.265470E+05  1.253385E+02
  3.515000E+00   1.124780E+05   1.276253E+05  1.251841E+02
  3.520000E+00   1.135391E+05   1.286602E+05  1.249682E+02
  3.525000E+00   1.145633E+05   1.296509E+05  1.246910E+02
  3.530000E+00   1.155495E+05   1.305962E+05  1.243527E+02
  3.535000E+00   1.164969E+05   1.314953E+05  1.239538E+02
  3.540000E+00   1.174045E+05   1.323473E+05  1.234945E+02
  3.545000E+00   1.182714E+05   1.331514E+05  1.229753E+02
  3.550000E+00   1.190967E+05   1.339067E+05  1.223968E+02
  3.555000E+00   1.198796E+05   1.346125E+05  1.217595E+02
  3.560000E+00   1.206194E+05   1.352681E+05  1.210640E+02
  3.565000E+00   1.213152E+05   1.358729E+05  1.203111E+02
  3.570000E+00   1.219665E+05   1.364262E+05  1.195014E+02
  3.575000E+00   1.225726E+05   1.369276E+05  1.186358E+02
  3.580000E+00   1.231329E+05   1.373765E+05  1.177152E+02
  3.585000E+00   1.236469E+05   1.377724E+05  1.167403E+02
  3.590000E+00   1.241139E+05   1.381151E+05  1.157123E+02
  3.595000E+00   1.245336E+05   1.384041E+05  1.146321E+02
  3.600000E+00   1.249056E+05   1.386392E+05  1.135008E+02
  3.605000E+00   1.252295E+05   1.388201E+05  1.123195E+02
  3.610000E+00   1.255049E+05   1.389467E+05  1.110893E+02
  3.615000E+00   1.257316E+05   1.390188E+05  1.098115E+02
  3.620000E+00   1.259094E+05   1.390364E+05  1.084873E+02
  3.625000E+00   1.260381E+05   1.389994E+05  1.071181E+02
  3.630000E+00   1.261175E+05   1.389079E+05  1.057052E+02
  3.635000E+00   1.261477E+05   1.387619E+05  1.042500E+02
  3.640000E+00   1.261285E+05   1.385617E+05  1.027539E+02
  3.645000E+00   1.260600E+05   1.383074E+05  1.012184E+02
  3.650000E+00   1.259422E+05   1.379993E+05  9.964499E+01
  3.655000E+00   1.257753E+05   1.376376E+05  9.803527E+01
  3.660000E+00   1.255594E+05   1.372227E+05  9.639082E+01
  3.665000E+00   1.252948E+05   1.367551E+05  9.471324E+01
  3.670000E+00   1.249817E+05   1.362352E+05  9.300420E+01
  3.675000E+00   1.246203E+05   1.356635E+05  9.126539E+01
  3.680000E+00   1.242112E+05   1.350405E+05  8.949851E+01
  3.685000E+00   1.237546E+05   1.343670E+05  8.770532E+01
  3.690000E+00   1.232511E+05   1.336435E+05  8.588758E+01
  3.695000E+00   1.227010E+05   1.328707E+05  8.404709E+01
  3.700000E+00   1.221050E+05   1.320495E+05  8.218566E+01
  3.705000E+00   1.214637E+05   1.311806E+05  8.030514E+01
  3.710000E+00   1.207777E+05   1.302650E+05  7.840736E+01
  3.715000E+00   1.200476E+05   1.293034E+05  7.649422E+01
  3.720000E+00   1.192742E+05   1.282968E+05  7.456759E+01
  3.725000E+00   1.184582E+05   1.272464E+05  7.262939E+01
  3.730000E+00   1.176005E+05   1.261530E+05  7.068151E+01
  3.735000E+00   1.167019E+05   1.250177E+05  6.872588E+01
  3.740000E+00   1.157632E+05   1.238417E+05  6.676444E+01
  3.745000E+00   1.147855E+05   1.226262E+05  6.479912E+01
  3.750000E+00   1.137697E+05   1.213723E+05  6.283185E+01
  3.755000E+00   1.127167E+05   1.200813E+05  6.086459E+01
  3.760000E+00   1.116276E+05   1.187544E+05  5.889927E+01
  3.765000E+00   1.105036E+05   1.173930E+05  5.693782E+01
  3.770000E+00   1.093456E+05   1.159984E+05  5.498220E+01
  3.775000E+00   1.081549E+05   1.145720E+05  5.303432E+01
  3.780000E+00   1.069326E+05   1.131152E+05  5.109611E+01
  3.785000E+00   1.056799E+05   1.116294E+05  4.916948E+01
  3.790000E+00   1.043980E+05   1.101161E+05  4.725634E+01
  3.795000E+00   1.030883E+05   1.085767E+05  4.535857E+01
  3.800000E+00   1.017520E+05   1.070129E+05  4.347804E+01
  3.805000E+00   1.003905E+05   1.054261E+05  4.161661E+01
  3.810000E+00   9.900503E+04   1.038179E+05  3.977612E+01
  3.815000E+00   9.759700E+04   1.021900E+05  3.795838E+01
  3.820000E+00   9.616782E+04   1.005438E+05  3.616519E+01
  3.825000E+00   9.471888E+04   9.888107E+04  3.439832E+01
  3.830000E+00   9.325161E+04   9.720341E+04  3.265950E+01
  3.835000E+00   9.176748E+04   9.551248E+04  3.095046E+01
  3.840000E+00   9.026793E+04   9.380995E+04  2.927289E+01
  3.845000E+00   8.875445E+04   9.209749E+04  2.762843E+01
  3.850000E+00   8.722853E+04   9.037680E+04  2.601872E+01
  3.855000E+00   8.569169E+04   8.864957E+04  2.444533E+01
  3.860000E+00   8.414543E+04   8.691752E+04  2.290983E+01
  3.865000E+00   8.259128E+04   8.518234E+04  2.141372E+01
  3.870000E+00   8.103077E+04   8.344575E+04  1.995850E+01
  3.875000E+00   7.946545E+04   8.170947E+04  1.854558E+01
  3.880000E+00   7.789687E+04   7.997521E+04  1.717637E+01
  3.885000E+00   7.632656E+04   7.824467E+04  1.585221E+01
  3.890000E+00   7.475607E+04   7.651958E+04  1.457442E+01
  3.895000E+00   7.318697E+04   7.480162E+04  1.334425E+01
  3.900000E+00   7.162079E+04   7.309251E+04  1.216292E+01
  3.905000E+00   7.005909E+04   7.139391E+04  1.103159E+01
  3.910000E+00   6.850339E+04   6.970751E+04  9.951385E+00
  3.915000E+00   6.695525E+04   6.803498E+04  8.923363E+00
  3.920000E+00   6.541618E+04   6.637795E+04  7.948543E+00
  3.925000E+00   6.388771E+04   6.473808E+04  7.027890E+00
  3.930000E+00   6.237134E+04   6.311698E+04  6.162307E+00
  3.935000E+00   6.086857E+04   6.151624E+04  5.352650E+00
  3.940000E+00   5.938088E+04   5.993745E+04  4.599718E+00
  3.945000E+00   5.790975E+04   5.838216E+04  3.904255E+00
  3.950000E+00   5.645662E+04   5.685192E+04  3.266946E+00
  3.955000E+00   5.502292E+04   5.534822E+04  2.688422E+00
  3.960000E+00   5.361008E+04   5.387256E+04  2.169253E+00
  3.965000E+00   5.221948E+04   5.242639E+04  1.709946E+00
  3.970000E+00   5.085250E+04   5.101113E+04  1.310961E+00
  3.975000E+00   4.951050E+04   4.962819E+04  9.726895E-01
  3.980000E+00   4.819478E+04   4.827893E+04  6.954652E-01
  3.985000E+00   4.690665E+04   4.696468E+04  4.795619E-01
  3.990000E+00   4.564739E+04   4.568673E+04  3.251927E-01
  3.995000E+00   4.441823E+04   4.444636E+04  2.325101E-01
  4.000000E+00   4.322038E+04   4.324478E+04  2.016058E-01
  4.005000E+00   4.205504E+04   4.208317E+04  2.325102E-01
  4.010000E+00   4.092335E+04   4.096269E+04  3.251923E-01
  4.015000E+00   3.982642E+04   3.988445E+04  4.795609E-01
  4.020000E+00   3.876534E+04   3.884949E+04  6.954645E-01
  4.025000E+00   3.774116E+04   3.785886E+04  9.726893E-01
  4.030000E+00   3.675489E+04   3.691351E+04  1.310961E+00
  4.035000E+00   3.580749E+04   3.601440E+04  1.709947E+00
  4.040000E+00   3.489991E+04   3.516239E+04  2.169251E+00
  4.045000E+00   3.403305E+04   3.435834E+04  2.688422E+00
  4.050000E+00   3.320774E+04   3.360305E+04  3.266947E+00
  4.055000E+00   3.242482E+04   3.289724E+04  3.904256E+00
  4.060000E+00   3.168506E+04   3.224162E+04  4.599719E+00
  4.065000E+00   3.098918E+04   3.163685E+04  5.352650E+00
  4.070000E+00   3.033786E+04   3.108350E+04  6.162307E+00
  4.075000E+00   2.973176E+04   3.058214E+04  7.027890E+00
  4.080000E+00   2.917148E+04   3.013325E+04  7.948545E+00
  4.085000E+00   2.865755E+04   2.973728E+04  8.923364E+00
  4.090000E+00   2.819050E+04   2.939462E+04  9.951384E+00
  4.095000E+00   2.777078E+04   2.910560E+04  1.103159E+01
  4.100000E+00   2.739881E+04   2.887052E+04  1.216292E+01
  4.105000E+00   2.707495E+04   2.868960E+04  1.334425E+01
  4.110000E+00   2.679952E+04   2.856303E+04  1.457442E+01
  4.115000E+00   2.657280E+04   2.849092E+04  1.585221E+01
  4.120000E+00   2.639501E+04   2.847335E+04  1.717637E+01
  4.125000E+00   2.626633E+04   2.851034E+04  1.854558E+01
  4.130000E+00   2.618687E+04   2.860185E+04  1.995850E+01
  4.135000E+00   2.615672E+04   2.874778E+04  2.141373E+01
  4.140000E+00   2.617592E+04   2.894801E+04  2.290983E+01
  4.145000E+00   2.624443E+04   2.920232E+04  2.444533E+01
  4.150000E+00   2.636220E+04   2.951046E+04  2.601872E+01
  4.155000E+00   2.652910E+04   2.987214E+04  2.762843E+01
  4.160000E+00   2.674498E+04   3.028700E+04  2.927289E+01
  4.165000E+00   2.700961E+04   3.075462E+04  3.095047E+01
  4.170000E+00   2.732274E+04   3.127454E+04  3.265950E+01
  4.175000E+00   2.768406E+04   3.184626E+04  3.439832E+01
  4.180000E+00   2.809322E+04   3.246921E+04  3.616519E+01
  4.185000E+00   2.854980E+04   3.314276E+04  3.795838E+01
  4.190000E+00   2.905336E+04   3.386627E+04  3.977612E+01
  4.195000E+00   2.960340E+04   3.463901E+04  4.161661E+01
  4.200000E+00   3.019938E+04   3.546022E+04  4.347804E+01
  4.205000E+00   3.084071E+04   3.632909E+04  4.535857E+01
  4.210000E+00   3.152675E+04   3.724477E+04  4.725634E+01
  4.215000E+00   3.225684E+04   3.820634E+04  4.916948E+01
  4.220000E+00   3.303024E+04   3.921287E+04  5.109611E+01
  4.225000E+00   3.384620E+04   4.026335E+04  5.303432E+01
  4.230000E+00   3.470391E+04   4.135676E+04  5.498220E+01
  4.235000E+00   3.560253E+04   4.249201E+04  5.693782E+01
  4.240000E+00   3.654116E+04   4.366797E+04  5.889926E+01
  4.245000E+00   3.751889E+04   4.488350E+04  6.086459E+01
  4.250000E+00   3.853474E+04   4.613739E+04  6.283185E+01
  4.255000E+00   3.958772E+04   4.742841E+04  6.479912E+01
  4.260000E+00   4.067678E+04   4.875527E+04  6.676444E+01
  4.265000E+00   4.180085E+04   5.011668E+04  6.872588E+01
  4.270000E+00   4.295882E+04   5.151128E+04  7.068151E+01
  4.275000E+00   4.414955E+04   5.293770E+04  7.262939E+01
  4.280000E+00   4.537186E+04   5.439454E+04  7.456759E+01
  4.285000E+00   4.662455E+04   5.588035E+04  7.649422E+01
  4.290000E+00   4.790637E+04   5.739367E+04  7.840737E+01
  4.295000E+00   4.921608E+04   5.893300E+04  8.030514E+01
  4.300000E+00   5.055236E+04   6.049683E+04  8.218567E+01
  4.305000E+00   5.191391E+04   6.208361E+04  8.404709E+01
  4.310000E+00   5.329938E+04   6.369178E+04  8.588759E+01
  4.315000E+00   5.470741E+04   6.531975E+04  8.770532E+01
  4.320000E+00   5.613659E+04   6.696591E+04  8.949851E+01
  4.325000E+00   5.758553E+04   6.862865E+04  9.126539E+01
  4.330000E+00   5.905280E+04   7.030631E+04  9.300420E+01
  4.335000E+00   6.053693E+04   7.199724E+04  9.471324E+01
  4.340000E+00   6.203648E+04   7.369977E+04  9.639082E+01
  4.345000E+00   6.354996E+04   7.541223E+04  9.803527E+01
  4.350000E+00   6.507588E+04   7.713292E+04  9.964499E+01
  4.355000E+00   6.661272E+04   7.886015E+04  1.012184E+02
  4.360000E+00   6.815899E+04   8.059220E+04  1.027539E+02
  4.365000E+00   6.971313E+04   8.232738E+04  1.042500E+02
  4.370000E+00   7.127364E+04   8.406397E+04  1.057052E+02
  4.375000E+00   7.283896E+04   8.580025E+04  1.071181E+02
  4.380000E+00   7.440755E+04   8.753451E+04  1.084873E+02
  4.385000E+00   7.597786E+04   8.926505E+04  1.098115E+02
  4.390000E+00   7.754834E+04   9.099014E+04  1.110893E+02
  4.395000E+00   7.911744E+04   9.270810E+04  1.123195E+02
  4.400000E+00   8.068362E+04   9.441722E+04  1.135008E+02
  4.405000E+00   8.224533E+04   9.611581E+04  1.146321E+02
  4.410000E+00   8.380102E+04   9.780221E+04  1.157123E+02
  4.415000E+00   8.534916E+04   9.947474E+04  1.167403E+02
  4.420000E+00   8.688823E+04   1.011318E+05  1.177152E+02
  4.425000E+00   8.841670E+04   1.027716E+05  1.186358E+02
  4.430000E+00   8.993307E+04   1.043927E+05  1.195014E+02
  4.435000E+00   9.143584E+04   1.059935E+05  1.203111E+02
  4.440000E+00   9.292353E+04   1.075723E+05  1.210640E+02
  4.445000E+00   9.439466E+04   1.091276E+05  1.217594E+02
  4.450000E+00   9.584780E+04   1.106578E+05  1.223968E+02
  4.455000E+00   9.728149E+04   1.121615E+05  1.229753E+02
  4.460000E+00   9.869433E+04   1.136372E+05  1.234945E+02
  4.465000E+00   1.000849E+05   1.150833E+05  1.239538E+02
  4.470000E+00   1.014519E+05   1.164986E+05  1.243527E+02
  4.475000E+00   1.027939E+05   1.178815E+05  1.246910E+02
  4.480000E+00   1.041096E+05   1.192308E+05  1.249682E+02
  4.485000E+00   1.053978E+05   1.205450E+05  1.251841E+02
  4.490000E+00   1.066570E+05   1.218230E+05  1.253385E+02
  4.495000E+00   1.078862E+05   1.230634E+05  1.254312E+02
  4.500000E+00   1.090840E+05   1.242649E+05  1.254621E+02
  4.505000E+00   1.102494E+05   1.254265E+05  1.254312E+02
  4.510000E+00   1.113811E+05   1.265470E+05  1.253385E+02
  4.515000E+00   1.124780E+05   1.276253E+05  1.251841E+02
  4.520000E+00   1.135391E+05   1.286602E+05  1.249682E+02
  4.525000E+00   1.145633E+05   1.296509E+05  1.246910E+02
  4.530000E+00   1.155495E+05   1.305962E+05  1.243527E+02
  4.535000E+00   1.164969E+05   1.314953E+05  1.239538E+02
  4.540000E+00   1.174045E+05   1.323473E+05  1.234945E+02
  4.545000E+00   1.182714E+05   1.331514E+05  1.229753E+02
  4.550000E+00   1.190967E+05   1.339067E+05  1.223968E+02
  4.555000E+00   1.198796E+05   1.346125E+05  1.217595E+02
  4.560000E+00   1.206194E+05   1.352681E+05  1.210640E+02
  4.565000E+00   1.213152E+05   1.358729E+05  1.203111E+02
  4.570000E+00   1.219665E+05   1.364262E+05  1.195014E+02
  4.575000E+00   1.225726E+05   1.369276E+05  1.186358E+02
  4.580000E+00   1.231329E+05   1.373765E+05  1.177152E+02
  4.585000E+00   1.236469E+05   1.377724E+05  1.167403E+02
  4.590000E+00   1.241139E+05   1.381151E+05  1.157123E+02
  4.595000E+00   1.245336E+05   1.384041E+05  1.146321E+02
  4.600000E+00   1.249056E+05   1.386392E+05  1.135008E+02
  4.605000E+00   1.252295E+05   1.388201E+05  1.123195E+02
  4.610000E+00   1.255049E+05   1.389467E+05  1.110893E+02
  4.615000E+00   1.257316E+05   1.390188E+05  1.098115E+02
  4.620000E+00   1.259094E+05   1.390364E+05  1.084873E+02
  4.625000E+00   1.260381E+05   1.389994E+05  1.071181E+02
  4.630000E+00   1.261175E+05   1.389079E+05  1.057052E+02
  4.635000E+00   1.261477E+05   1.387619E+05  1.042500E+02
  4.640000E+00   1.261285E+05   1.385617E+05  1.027539E+02
  4.645000E+00   1.260600E+05   1.383074E+05  1.012184E+02
  4.650000E+00   1.259422E+05   1.379993E+05  9.964499E+01
  4.655000E+00   1.257753E+05   1.376376E+05  9.803527E+01
  4.660000E+00   1.255594E+05   1.372227E+05  9.639082E+01
  4.665000E+00   1.252948E+05   1.367551E+05  9.471324E+01
  4.670000E+00   1.249817E+05   1.362352E+05  9.300420E+01
  4.675000E+00   1.246203E+05   1.356635E+05  9.126539E+01
  4.680000E+00   1.242112E+05   1.350405E+05  8.949851E+01
  4.685000E+00   1.237546E+05   1.343670E+05  8.770532E+01
  4.690000E+00   1.232511E+05   1.336435E+05  8.588758E+01
  4.695000E+00   1.227010E+05   1.328707E+05  8.404709E+01
  4.700000E+00   1.221050E+05   1.320495E+05  8.218566E+01
  4.705000E+00   1.214637E+05   1.311806E+05  8.030514E+01
  4.710000E+00   1.207777E+05   1.302650E+05  7.840736E+01
  4.715000E+00   1.200476E+05   1.293034E+05  7.649422E+01
  4.720000E+00   1.192742E+05   1.282968E+05  7.456759E+01
  4.725000E+00   1.184582E+05   1.272464E+05  7.262939E+01
  4.730000E+00   1.176005E+05   1.261530E+05  7.068151E+01
  4.735000E+00   1.167019E+05   1.250177E+05  6.872588E+01
  4.740000E+00   1.157632E+05   1.238417E+05  6.676444E+01
  4.745000E+00   1.147855E+05   1.226262E+05  6.479912E+01
  4.750000E+00   1.137697E+05   1.213723E+05  6.283185E+01
  4.755000E+00   1.127167E+05   1.200813E+05  6.086459E+01
  4.760000E+00   1.116276E+05   1.187544E+05  5.889927E+01
  4.765000E+00   1.105036E+05   1.173930E+05  5.693782E+01
  4.770000E+00   1.093456E+05   1.159984E+05  5.498220E+01
  4.775000E+00   1.081549E+05   1.145720E+05  5.303432E+01
  4.780000E+00   1.069326E+05   1.131152E+05  5.109611E+01
  4.785000E+00   1.056799E+05   1.116294E+05  4.916948E+01
  4.790000E+00   1.043980E+05   1.101161E+05  4.725634E+01
  4.795000E+00   1.030883E+05   1.085767E+05  4.535857E+01
  4.800000E+00   1.017520E+05   1.070129E+05  4.347804E+01
  4.805000E+00   1.003905E+05   1.054261E+05  4.161661E+01
  4.810000E+00   9.900503E+04   1.038179E+05  3.977612E+01
  4.815000E+00   9.759700E+04   1.021900E+05  3.795838E+01
  4.820000E+00   9.616782E+04   1.005438E+05  3.616519E+01
  4.825000E+00   9.471888E+04   9.888107E+04  3.439832E+01
  4.830000E+00   9.325161E+04   9.720341E+04  3.265950E+01
  4.835000E+00   9.176748E+04   9.551248E+04  3.095046E+01
  4.840000E+00   9.026793E+04   9.380995E+04  2.927289E+01
  4.845000E+00   8.875445E+04   9.209749E+04  2.762843E+01
  4.850000E+00   8.722853E+04   9.037680E+04  2.601872E+01
  4.855000E+00   8.569169E+04   8.864957E+04  2.444533E+01
  4.860000E+00   8.414543E+04   8.691752E+04  2.290983E+01
  4.865000E+00   8.259128E+04   8.518234E+04  2.141372E+01
  4.870000E+00   8.103077E+04   8.344575E+04  1.995850E+01
  4.875000E+00   7.946545E+04   8.170947E+04  1.854558E+01
  4.880000E+00   7.789687E+04   7.997521E+04  1.717637E+01
  4.885000E+00   7.632656E+04   7.824467E+04  1.585221E+01
  4.890000E+00   7.475607E+04   7.651958E+04  1.457442E+01
  4.895000E+00   7.318697E+04   7.480162E+04  1.334425E+01
  4.900000E+00   7.162079E+04   7.309251E+04  1.216292E+01
  4.905000E+00   7.005909E+04   7.139391E+04  1.103159E+01
  4.910000E+00   6.850339E+04   6.970751E+04  9.951385E+00
  4.915000E+00   6.695525E+04   6.803498E+04  8.923363E+00
  4.920000E+00   6.541618E+04   6.637795E+04  7.948543E+00
  4.925000E+00   6.388771E+04   6.473808E+04  7.027890E+00
  4.930000E+00   6.237134E+04   6.311698E+04  6.162307E+00
  4.935000E+00   6.086857E+04   6.151624E+04  5.352650E+00
  4.940000E+00   5.938088E+04   5.993745E+04  4.599718E+00
  4.945000E+00   5.790975E+04   5.838216E+04  3.904255E+00
  4.950000E+00   5.645662E+04   5.685192E+04  3.266946E+00
  4.955000E+00   5.502292E+04   5.534822E+04  2.688422E+00
  4.960000E+00   5.361008E+04   5.387256E+04  2.169253E+00
  4.965000E+00   5.221948E+04   5.242639E+04  1.709946E+00
  4.970000E+00   5.085251E+04   5.101113E+04  1.310961E+00
  4.975000E+00   4.951050E+04   4.962819E+04  9.726895E-01
  4.980000E+00   4.819478E+04   4.827893E+04  6.954652E-01
  4.985000E+00   4.690665E+04   4.696468E+04  4.795619E-01
  4.990000E+00   4.564739E+04   4.568673E+04  3.251927E-01
  4.995000E+00   4.441823E+04   4.444636E+04  2.325101E-01
  5.000000E+00   4.322038E+04   4.324478E+04  2.016058E-01
  5.005000E+00   4.205504E+04   4.208317E+04  2.325102E-01
  5.010000E+00   4.092335E+04   4.096269E+04  3.251923E-01
  5.015000E+00   3.982642E+04   3.988445E+04  4.795609E-01
  5.020000E+00   3.876534E+04   3.884949E+04  6.954645E-01
  5.025000E+00   3.774116E+04   3.785886E+04  9.726893E-01
  5.030000E+00   3.675489E+04   3.691351E+04  1.310961E+00
  5.035000E+00   3.580749E+04   3.601440E+04  1.709947E+00
  5.040000E+00   3.489991E+04   3.516239E+04  2.169251E+00
  5.045000E+00   3.403305E+04   3.435834E+04  2.688422E+00
  5.050000E+00   3.320774E+04   3.360305E+04  3.266947E+00
  5.055000E+00   3.242482E+04   3.289724E+04  3.904256E+00
  5.060000E+00   3.168506E+04   3.224162E+04  4.599719E+00
  5.065000E+00   3.098918E+04   3.163685E+04  5.352650E+00
  5.070000E+00   3.033786E+04   3.108350E+04  6.162307E+00
  5.075000E+00   2.973176E+04   3.058214E+04  7.027890E+00
  5.080000E+00   2.917148E+04   3.013325E+04  7.948545E+00
  5.085000E+00   2.865755E+04   2.973728E+04  8.923364E+00
  5.090000E+00   2.819050E+04   2.939462E+04  9.951384E+00
  5.095000E+00   2.777078E+04   2.910560E+04  1.103159E+01
  5.100000E+00   2.739881E+04   2.887052E+04  1.216292E+01
  5.105000E+00   2.707495E+04   2.868960E+04  1.334425E+01
  5.110000E+00   2.679952E+04   2.856303E+04  1.457442E+01
  5.115000E+00   2.657280E+04   2.849092E+04  1.585221E+01
  5.120000E+00   2.639501E+04   2.847335E+04  1.717637E+01
  5.125000E+00   2.626633E+04   2.851034E+04  1.854558E+01
  5.130000E+00   2.618687E+04   2.860185E+04  1.995850E+01
  5.135000E+00   2.615672E+04   2.874778E+04  2.141373E+01
  5.140000E+00   2.617592E+04   2.894801E+04  2.290983E+01
  5.145000E+00   2.624443E+04   2.920232E+04  2.444533E+01
  5.150000E+00   2.636220E+04   2.951046E+04  2.601872E+01
  5.155000E+00   2.652910E+04   2.987214E+04  2.762843E+01
  5.160000E+00   2.674498E+04   3.028700E+04  2.927289E+01
  5.165000E+00   2.700961E+04   3.075462E+04  3.095047E+01
  5.170000E+00   2.732274E+04   3.127454E+04  3.265950E+01
  5.175000E+00   2.768406E+04   3.184626E+04  3.439832E+01
  5.180000E+00   2.809322E+04   3.246921E+04  3.616519E+01
  5.185000E+00   2.854980E+04   3.314276E+04  3.795838E+01
  5.190000E+00   2.905336E+04   3.386627E+04  3.977612E+01
  5.195000E+00   2.960340E+04   3.463901E+04  4.161661E+01
  5.200000E+00   3.019938E+04   3.546022E+04  4.347804E+01
  5.205000E+00   3.084071E+04   3.632909E+04  4.535857E+01
  5.210000E+00   3.152675E+04   3.724477E+04  4.725634E+01
  5.215000E+00   3.225684E+04   3.820634E+04  4.916948E+01
  5.220000E+00   3.303024E+04   3.921287E+04  5.109611E+01
  5.225000E+00   3.384620E+04   4.026335E+04  5.303432E+01
  5.230000E+00   3.470391E+04   4.135676E+04  5.498220E+01
  5.235000E+00   3.560253E+04   4.249201E+04  5.693782E+01
  5.240000E+00   3.654116E+04   4.366797E+04  5.889926E+01
  5.245000E+00   3.751889E+04   4.488350E+04  6.086459E+01
  5.250000E+00   3.853474E+04   4.613739E+04  6.283185E+01
  5.255000E+00   3.958772E+04   4.742841E+04  6.479912E+01
  5.260000E+00   4.067678E+04   4.875527E+04  6.676444E+01
  5.265000E+00   4.180085E+04   5.011668E+04  6.872588E+01
  5.270000E+00   4.295882E+04   5.151128E+04  7.068151E+01
  5.275000E+00   4.414955E+04   5.293770E+04  7.262939E+01
  5.280000E+00   4.537186E+04   5.439454E+04  7.456759E+01
  5.285000E+00   4.662455E+04   5.588035E+04  7.649422E+01
  5.290000E+00   4.790637E+04   5.739367E+04  7.840737E+01
  5.295000E+00   4.921608E+04   5.893300E+04  8.030514E+01
  5.300000E+00   5.055236E+04   6.049683E+04  8.218567E+01
  5.305000E+00   5.191391E+04   6.208361E+04  8.404709E+01
  5.310000E+00   5.329938E+04   6.369178E+04  8.588759E+01
  5.315000E+00   5.470741E+04   6.531975E+04  8.770532E+01
  5.320000E+00   5.613659E+04   6.696591E+04  8.949851E+01
  5.325000E+00   5.758553E+04   6.862865E+04  9.126539E+01
  5.330000E+00   5.905280E+04   7.030631E+04  9.300420E+01
  5.335000E+00   6.053693E+04   7.199724E+04  9.471324E+01
  5.340000E+00   6.203648E+04   7.369977E+04  9.639082E+01
  5.345000E+00   6.354996E+04   7.541223E+04  9.803527E+01
  5.350000E+00   6.507588E+04   7.713292E+04  9.964499E+01
  5.355000E+00   6.661272E+04   7.886015E+04  1.012184E+02
  5.360000E+00   6.815899E+04   8.059220E+04  1.027539E+02
  5.365000E+00   6.971313E+04   8.232738E+04  1.042500E+02
  5.370000E+00   7.127364E+04   8.406397E+04  1.057052E+02
  5.375000E+00   7.283896E+04   8.580025E+04  1.071181E+02
  5.380000E+00   7.440755E+04   8.753451E+04  1.084873E+02
  5.385000E+00   7.597786E+04   8.926505E+04  1.098115E+02
  5.390000E+00   7.754834E+04   9.099014E+04  1.110893E+02
  5.395000E+00   7.911744E+04   9.270810E+04  1.123195E+02
  5.400000E+00   8.068362E+04   9.441722E+04  1.135008E+02
  5.405000E+00   8.224533E+04   9.611581E+04  1.146321E+02
  5.410000E+00   8.380102E+04   9.780221E+04  1.157123E+02
  5.415000E+00   8.534916E+04   9.947474E+04  1.167403E+02
  5.420000E+00   8.688823E+04   1.011318E+05  1.177152E+02
  5.425000E+00   8.841670E+04   1.027716E+05  1.186358E+02
  5.430000E+00   8.993307E+04   1.043927E+05  1.195014E+02
  5.435000E+00   9.143584E+04   1.059935E+05  1.203111E+02
  5.440000E+00   9.292353E+04   1.075723E+05  1.210640E+02
  5.445000E+00   9.439466E+04   1.091276E+05  1.217594E+02
  5.450000E+00   9.584780E+04   1.106578E+05  1.223968E+02
  5.455000E+00   9.728149E+04   1.121615E+05  1.229753E+02
  5.460000E+00   9.869433E+04   1.136372E+05  1.234945E+02
  5.465000E+00   1.000849E+05   1.150833E+05  1.239538E+02
  5.470000E+00   1.014519E+05   1.164986E+05  1.243527E+02
  5.475000E+00   1.027939E+05   1.178815E+05  1.246910E+02
  5.480000E+00   1.041096E+05   1.192308E+05  1.249682E+02
  5.485000E+00   1.053978E+05   1.205450E+05  1.251841E+02
  5.490000E+00   1.066570E+05   1.218230E+05  1.253385E+02
  5.495000E+00   1.078862E+05   1.230634E+05  1.254312E+02
  5.500000E+00   1.090840E+05   1.242649E+05  1.254621E+02
  5.505000E+00   1.102494E+05   1.254265E+05  1.254312E+02
  5.510000E+00   1.113811E+05   1.265470E+05  1.253385E+02
  5.515000E+00   1.124780E+05   1.276253E+05  1.251841E+02
  5.520000E+00   1.135391E+05   1.286602E+05  1.249682E+02
  5.525000E+00   1.145633E+05   1.296509E+05  1.246910E+02
  5.530000E+00   1.155495E+05   1.305962E+05  1.243527E+02
  5.535000E+00   1.164969E+05   1.314953E+05  1.239538E+02
  5.540000E+00   1.174045E+05   1.323473E+05  1.234945E+02
  5.545000E+00   1.182714E+05   1.331514E+05  1.229753E+02
  5.550000E+00   1.190967E+05   1.339067E+05  1.223968E+02
  5.555000E+00   1.198796E+05   1.346125E+05  1.217595E+02
  5.560000E+00   1.206194E+05   1.352681E+05  1.210640E+02
  5.565000E+00   1.213152E+05   1.358729E+05  1.203111E+02
  5.570000E+00   1.219665E+05   1.364262E+05  1.195014E+02
  5.575000E+00   1.225726E+05   1.369276E+05  1.186358E+02
  5.580000E+00   1.231329E+05   1.373765E+05  1.177152E+02
  5.585000E+00   1.236469E+05   1.377724E+05  1.167403E+02
  5.590000E+00   1.241139E+05   1.381151E+05  1.157123E+02
  5.595000E+00   1.245336E+05   1.384041E+05  1.146321E+02
  5.600000E+00   1.249056E+05   1.386392E+05  1.135008E+02
  5.605000E+00   1.252295E+05   1.388201E+05  1.123195E+02
  5.610000E+00   1.255049E+05   1.389467E+05  1.110893E+02
  5.615000E+00   1.257316E+05   1.390188E+05  1.098115E+02
  5.620000E+00   1.259094E+05   1.390364E+05  1.084873E+02
  5.625000E+00   1.260381E+05   1.389994E+05  1.071181E+02
  5.630000E+00   1.261175E+05   1.389079E+05  1.057052E+02
  5.635000E+00   1.261477E+05   1.387619E+05  1.042500E+02
  5.640000E+00   1.261285E+05   1.385617E+05  1.027539E+02
  5.645000E+00   1.260600E+05   1.383074E+05  1.012184E+02
  5.650000E+00   1.259422E+05   1.379993E+05  9.964499E+01
  5.655000E+00   1.257753E+05   1.376376E+05  9.803527E+01
  5.660000E+00   1.255594E+05   1.372227E+05  9.639082E+01
  5.665000E+00   1.252948E+05   1.367551E+05  9.471324E+01
  5.670000E+00   1.249817E+05   1.362352E+05  9.300420E+01
  5.675000E+00   1.246203E+05   1.356635E+05  9.126539E+01
  5.680000E+00   1.242112E+05   1.350405E+05  8.949851E+01
  5.685000E+00   1.237546E+05   1.343670E+05  8.770532E+01
  5.690000E+00   1.232511E+05   1.336435E+05  8.588758E+01
  5.695000E+00   1.227010E+05   1.328707E+05  8.404709E+01
  5.700000E+00   1.221050E+05   1.320495E+05  8.218566E+01
  5.705000E+00   1.214637E+05   1.311806E+05  8.030514E+01
  5.710000E+00   1.207777E+05   1.302650E+05  7.840736E+01
  5.715000E+00   1.200476E+05   1.293034E+05  7.649422E+01
  5.720000E+00   1.192742E+05   1.282968E+05  7.456759E+01
  5.725000E+00   1.184582E+05   1.272464E+05  7.262939E+01
  5.730000E+00   1.176005E+05   1.261530E+05  7.068151E+01
  5.735000E+00   1.167019E+05   1.250177E+05  6.872588E+01
  5.740000E+00   1.157632E+05   1.238417E+05  6.676444E+01
  5.745000E+00   1.147855E+05   1.226262E+05  6.479912E+01
  5.750000E+00   1.137697E+05   1.213723E+05  6.283185E+01
  5.755000E+00   1.127167E+05   1.200813E+05  6.086459E+01
  5.760000E+00   1.116276E+05   1.187544E+05  5.889927E+01
  5.765000E+00   1.105036E+05   1.173930E+05  5.693782E+01
  5.770000E+00   1.093456E+05   1.159984E+05  5.498220E+01
  5.775000E+00   1.081549E+05   1.145720E+05  5.303432E+01
  5.780000E+00   1.069326E+05   1.131152E+05  5.109611E+01
  5.785000E+00   1.056799E+05   1.116294E+05  4.916948E+01
  5.790000E+00   1.043980E+05   1.101161E+05  4.725634E+01
  5.795000E+00   1.030883E+05   1.085767E+05  4.535857E+01
  5.800000E+00   1.017520E+05   1.070129E+05  4.347804E+01
  5.805000E+00   1.003905E+05   1.054261E+05  4.161661E+01
  5.810000E+00   9.900503E+04   1.038179E+05  3.977612E+01
  5.815000E+00   9.759700E+04   1.021900E+05  3.795838E+01
  5.820000E+00   9.616782E+04   1.005438E+05  3.616519E+01
  5.825000E+00   9.471888E+04   9.888107E+04  3.439832E+01
  5.830000E+00   9.325161E+04   9.720341E+04  3.265950E+01
  5.835000E+00   9.176748E+04   9.551248E+04  3.095046E+01
  5.840000E+00   9.026793E+04   9.380995E+04  2.927289E+01
  5.845000E+00   8.875445E+04   9.209749E+04  2.762843E+01
  5.850000E+00   8.722853E+04   9.037680E+04  2.601872E+01
  5.855000E+00   8.569169E+04   8.864957E+04  2.444533E+01
  5.860000E+00   8.414543E+04   8.691752E+04  2.290983E+01
  5.865000E+00   8.259128E+04   8.518234E+04  2.141372E+01
  5.870000E+00   8.103077E+04   8.344575E+04  1.995850E+01
  5.875000E+00   7.946545E+04   8.170947E+04  1.854558E+01
  5.880000E+00   7.789687E+04   7.997521E+04  1.717637E+01
  5.885000E+00   7.632656E+04   7.824467E+04  1.585221E+01
  5.890000E+00   7.475607E+04   7.651958E+04  1.457442E+01
  5.895000E+00   7.318697E+04   7.480162E+04  1.334425E+01
  5.900000E+00   7.162079E+04   7.309251E+04  1.216292E+01
  5.905000E+00   7.005909E+04   7.139391E+04  1.103159E+01
  5.910000E+00   6.850339E+04   6.970751E+04  9.951385E+00
  5.915000E+00   6.695525E+04   6.803498E+04  8.923363E+00
  5.920000E+00   6.541618E+04   6.637795E+04  7.948543E+00
  5.925000E+00   6.388771E+04   6.473808E+04  7.027890E+00
  5.930000E+00   6.237134E+04   6.311698E+04  6.162307E+00
  5.935000E+00   6.086857E+04   6.151624E+04  5.352650E+00
  5.940000E+00   5.938088E+04   5.993745E+04  4.599718E+00
  5.945000E+00   5.790975E+04   5.838216E+04  3.904255E+00
  5.950000E+00   5.645662E+04   5.685192E+04  3.266946E+00
  5.955000E+00   5.502292E+04   5.534822E+04  2.688422E+00
  5.960000E+00   5.361008E+04   5.387256E+04  2.169253E+00
  5.965000E+00   5.221948E+04   5.242639E+04  1.709946E+00
  5.970000E+00   5.085251E+04   5.101113E+04  1.310961E+00
  5.975000E+00   4.951050E+04   4.962819E+04  9.726895E-01
  5.980000E+00   4.819478E+04   4.827893E+04  6.954652E-01
  5.985000E+00   4.690665E+04   4.696468E+04  4.795619E-01
  5.990000E+00   4.564739E+04   4.568673E+04  3.251927E-01
  5.995000E+00   4.441823E+04   4.444636E+04  2.325101E-01
  6.000000E+00   4.322038E+04   4.324478E+04  2.016058E-01
  6.005000E+00   4.205504E+04   4.208317E+04  2.325102E-01
  6.010000E+00   4.092335E+04   4.096269E+04  3.251923E-01
  6.015000E+00   3.982642E+04   3.988445E+04  4.795609E-01
  6.020000E+00   3.876534E+04   3.884949E+04  6.954645E-01
  6.025000E+00   3.774116E+04   3.785886E+04  9.726893E-01
  6.030000E+00   3.675489E+04   3.691351E+04  1.310961E+00
  6.035000E+00   3.580749E+04   3.601440E+04  1.709947E+00
  6.040000E+00   3.489991E+04   3.516239E+04  2.169251E+00
  6.045000E+00   3.403305E+04   3.435834E+04  2.688422E+00
  6.050000E+00   3.320774E+04   3.360305E+04  3.266947E+00
  6.055000E+00   3.242482E+04   3.289724E+04  3.904256E+00
  6.060000E+00   3.168506E+04   3.224162E+04  4.599719E+00
  6.065000E+00   3.098918E+04   3.163685E+04  5.352650E+00
  6.070000E+00   3.033786E+04   3.108350E+04  6.162307E+00
  6.075000E+00   2.973176E+04   3.058214E+04  7.027890E+00
  6.080000E+00   2.917148E+04   3.013325E+04  7.948545E+00
  6.085000E+00   2.865755E+04   2.973728E+04  8.923364E+00
  6.090000E+00   2.819050E+04   2.939462E+04  9.951384E+00
  6.095000E+00   2.777078E+04   2.910560E+04  1.103159E+01
  6.100000E+00   2.739881E+04   2.887052E+04  1.216292E+01
  6.105000E+00   2.707495E+04   2.868960E+04  1.334425E+01
  6.110000E+00   2.679952E+04   2.856303E+04  1.457442E+01
  6.115000E+00   2.657280E+04   2.849092E+04  1.585221E+01
  6.120000E+00   2.639501E+04   2.847335E+04  1.717637E+01
  6.125000E+00   2.626633E+04   2.851034E+04  1.854558E+01
  6.130000E+00   2.618687E+04   2.860185E+04  1.995850E+01
  6.135000E+00   2.615672E+04   2.874778E+04  2.141373E+01
  6.140000E+00   2.617592E+04   2.894801E+04  2.290983E+01
  6.145000E+00   2.624443E+04   2.920232E+04  2.444533E+01
  6.150000E+00   2.636220E+04   2.951046E+04  2.601872E+01
  6.155000E+00   2.652910E+04   2.987214E+04  2.762843E+01
  6.160000E+00   2.674498E+04   3.028700E+04  2.927289E+01
  6.165000E+00   2.700961E+04   3.075462E+04  3.095047E+01
  6.170000E+00   2.732274E+04   3.127454E+04  3.265950E+01
  6.175000E+00   2.768406E+04   3.184626E+04  3.439832E+01
  6.180000E+00   2.809322E+04   3.246921E+04  3.616519E+01
  6.185000E+00   2.854980E+04   3.314276E+04  3.795838E+01
  6.190000E+00   2.905336E+04   3.386627E+04  3.977612E+01
  6.195000E+00   2.960340E+04   3.463901E+04  4.161661E+01
  6.200000E+00   3.019938E+04   3.546022E+04  4.347804E+01
  6.205000E+00   3.084071E+04   3.632909E+04  4.535857E+01
  6.210000E+00   3.152675E+04   3.724477E+04  4.725634E+01
  6.215000E+00   3.225684E+04   3.820634E+04  4.916948E+01
  6.220000E+00   3.303024E+04   3.921287E+04  5.109611E+01
  6.225000E+00   3.384620E+04   4.026335E+04  5.303432E+01
  6.230000E+00   3.470391E+04   4.135676E+04  5.498220E+01
  6.235000E+00   3.560253E+04   4.249201E+04  5.693782E+01
  6.240000E+00   3.654116E+04   4.366797E+04  5.889926E+01
  6.245000E+00   3.751889E+04   4.488350E+04  6.086459E+01
  6.250000E+00   3.853474E+04   4.613739E+04  6.283185E+01
  6.255000E+00   3.958772E+04   4.742841E+04  6.479912E+01
  6.260000E+00   4.067678E+04   4.875527E+04  6.676444E+01
  6.265000E+00   4.180085E+04   5.011668E+04  6.872588E+01
  6.270000E+00   4.295882E+04   5.151128E+04  7.068151E+01
  6.275000E+00   4.414955E+04   5.293770E+04  7.262939E+01
  6.280000E+00   4.537186E+04   5.439454E+04  7.456759E+01
  6.285000E+00   4.662455E+04   5.588035E+04  7.649422E+01
  6.290000E+00   4.790637E+04   5.739367E+04  7.840737E+01
  6.295000E+00   4.921608E+04   5.893300E+04  8.030514E+01
  6.300000E+00   5.055236E+04   6.049683E+04  8.218567E+01
  6.305000E+00   5.191391E+04   6.208361E+04  8.404709E+01
  6.310000E+00   5.329938E+04   6.369178E+04  8.588759E+01
  6.315000E+00   5.470741E+04   6.531975E+04  8.770532E+01
  6.320000E+00   5.613659E+04   6.696591E+04  8.949851E+01
  6.325000E+00   5.758553E+04   6.862865E+04  9.126539E+01
  6.330000E+00   5.905280E+04   7.030631E+04  9.300420E+01
  6.335000E+00   6.053693E+04   7.199724E+04  9.471324E+01
  6.340000E+00   6.203648E+04   7.369977E+04  9.639082E+01
  6.345000E+00   6.354996E+04   7.541223E+04  9.803527E+01
  6.350000E+00   6.507588E+04   7.713292E+04  9.964499E+01
  6.355000E+00   6.661272E+04   7.886015E+04  1.012184E+02
  6.360000E+00   6.815899E+04   8.059220E+04  1.027539E+02
  6.365000E+00   6.971313E+04   8.232738E+04  1.042500E+02
  6.370000E+00   7.127364E+04   8.406397E+04  1.057052E+02
  6.375000E+00   7.283896E+04   8.580025E+04  1.071181E+02
  6.380000E+00   7.440755E+04   8.753451E+04  1.084873E+02
  6.385000E+00   7.597786E+04   8.926505E+04  1.098115E+02
  6.390000E+00   7.754834E+04   9.099014E+04  1.110893E+02
  6.395000E+00   7.911744E+04   9.270810E+04  1.123195E+02
  6.400000E+00   8.068362E+04   9.441722E+04  1.135008E+02
  6.405000E+00   8.224533E+04   9.611581E+04  1.146321E+02
  6.410000E+00   8.380102E+04   9.780221E+04  1.157123E+02
  6.415000E+00   8.534916E+04   9.947474E+04  1.167403E+02
  6.420000E+00   8.688823E+04   1.011318E+05  1.177152E+02
  6.425000E+00   8.841670E+04   1.027716E+05  1.186358E+02
  6.430000E+00   8.993307E+04   1.043927E+05  1.195014E+02
  6.435000E+00   9.143584E+04   1.059935E+05  1.203111E+02
  6.440000E+00   9.292353E+04   1.075723E+05  1.210640E+02
  6.445000E+00   9.439466E+04   1.091276E+05  1.217594E+02
  6.450000E+00   9.584780E+04   1.106578E+05  1.223968E+02
  6.455000E+00   9.728149E+04   1.121615E+05  1.229753E+02
  6.460000E+00   9.869433E+04   1.136372E+05  1.234945E+02
  6.465000E+00   1.000849E+05   1.150833E+05  1.239538E+02
  6.470000E+00   1.014519E+05   1.164986E+05  1.243527E+02
  6.475000E+00   1.027939E+05   1.178815E+05  1.246910E+02
  6.480000E+00   1.041096E+05   1.192308E+05  1.249682E+02
  6.485000E+00   1.053978E+05   1.205450E+05  1.251841E+02
  6.490000E+00   1.066570E+05   1.218230E+05  1.253385E+02
  6.495000E+00   1.078862E+05   1.230634E+05  1.254312E+02
  6.500000E+00   1.090840E+05   1.242649E+05  1.254621E+02
  6.505000E+00   1.102494E+05   1.254265E+05  1.254312E+02
  6.510000E+00   1.113811E+05   1.265470E+05  1.253385E+02
  6.515000E+00   1.124780E+05   1.276253E+05  1.251841E+02
  6.520000E+00   1.135391E+05   1.286602E+05  1.249682E+02
  6.525000E+00   1.145633E+05   1.296509E+05  1.246910E+02
  6.530000E+00   1.155495E+05   1.305962E+05  1.243527E+02
  6.535000E+00   1.164969E+05   1.314953E+05  1.239538E+02
  6.540000E+00   1.174045E+05   1.323473E+05  1.234945E+02
  6.545000E+00   1.182714E+05   1.331514E+05  1.229753E+02
  6.550000E+00   1.190967E+05   1.339067E+05  1.223968E+02
  6.555000E+00   1.198796E+05   1.346125E+05  1.217595E+02
  6.560000E+00   1.206194E+05   1.352681E+05  1.210640E+02
  6.565000E+00   1.213152E+05   1.358729E+05  1.203111E+02
  6.570000E+00   1.219665E+05   1.364262E+05  1.195014E+02
  6.575000E+00   1.225726E+05   1.369276E+05  1.186358E+02
  6.580000E+00   1.231329E+05   1.373765E+05  1.177152E+02
  6.585000E+00   1.236469E+05   1.377724E+05  1.167403E+02
  6.590000E+00   1.241139E+05   1.381151E+05  1.157123E+02
  6.595000E+00   1.245336E+05   1.384041E+05  1.146321E+02
  6.600000E+00   1.249056E+05   1.386392E+05  1.135008E+02
  6.605000E+00   1.252295E+05   1.388201E+05  1.123195E+02
  6.610000E+00   1.255049E+05   1.389467E+05  1.110893E+02
  6.615000E+00   1.257316E+05   1.390188E+05  1.098115E+02
  6.620000E+00   1.259094E+05   1.390364E+05  1.084873E+02
  6.625000E+00   1.260381E+05   1.389994E+05  1.071181E+02
  6.630000E+00   1.261175E+05   1.389079E+05  1.057052E+02
  6.635000E+00   1.261477E+05   1.387619E+05  1.042500E+02
  6.640000E+00   1.261285E+05   1.385617E+05  1.027539E+02
  6.645000E+00   1.260600E+05   1.383074E+05  1.012184E+02
  6.650000E+00   1.259422E+05   1.379993E+05  9.964499E+01
  6.655000E+00   1.257753E+05   1.376376E+05  9.803527E+01
  6.660000E+00   1.255594E+05   1.372227E+05  9.639082E+01
  6.665000E+00   1.252948E+05   1.367551E+05  9.471324E+01
  6.670000E+00   1.249817E+05   1.362352E+05  9.300420E+01
  6.675000E+00   1.246203E+05   1.356635E+05  9.126539E+01
  6.680000E+00   1.242112E+05   1.350405E+05  8.949851E+01
  6.685000E+00   1.237546E+05   1.343670E+05  8.770532E+01
  6.690000E+00   1.232511E+05   1.336435E+05  8.588758E+01
  6.695000E+00   1.227010E+05   1.328707E+05  8.404709E+01
  6.700000E+00   1.221050E+05   1.320495E+05  8.218566E+01
  6.705000E+00   1.214637E+05   1.311806E+05  8.030514E+01
  6.710000E+00   1.207777E+05   1.302650E+05  7.840736E+01
  6.715000E+00   1.200476E+05   1.293034E+05  7.649422E+01
  6.720000E+00   1.192742E+05   1.282968E+05  7.456759E+01
  6.725000E+00   1.184582E+05   1.272464E+05  7.262939E+01
  6.730000E+00   1.176005E+05   1.261530E+05  7.068151E+01
  6.735000E+00   1.167019E+05   1.250177E+05  6.872588E+01
  6.740000E+00   1.157632E+05   1.238417E+05  6.676444E+01
  6.745000E+00   1.147855E+05   1.226262E+05  6.479912E+01
  6.750000E+00   1.137697E+05   1.213723E+05  6.283185E+01
  6.755000E+00   1.127167E+05   1.200813E+05  6.086459E+01
  6.760000E+00   1.116276E+05   1.187544E+05  5.889927E+01
  6.765000E+00   1.105036E+05   1.173930E+05  5.693782E+01
  6.770000E+00   1.093456E+05   1.159984E+05  5.498220E+01
  6.775000E+00   1.081549E+05   1.145720E+05  5.303432E+01
  6.780000E+00   1.069326E+05   1.131152E+05  5.109611E+01
  6.785000E+00   1.056799E+05   1.116294E+05  4.916948E+01
  6.790000E+00   1.043980E+05   1.101161E+05  4.725634E+01
  6.795000E+00   1.030883E+05   1.085767E+05  4.535857E+01
  6.800000E+00   1.017520E+05   1.070129E+05  4.347804E+01
  6.805000E+00   1.003905E+05   1.054261E+05  4.161661E+01
  6.810000E+00   9.900503E+04   1.038179E+05  3.977612E+01
  6.815000E+00   9.759700E+04   1.021900E+05  3.795838E+01
  6.820000E+00   9.616782E+04   1.005438E+05  3.616519E+01
  6.825000E+00   9.471888E+04   9.888107E+04  3.439832E+01
  6.830000E+00   9.325161E+04   9.720341E+04  3.265950E+01
  6.835000E+00   9.176748E+04   9.551248E+04  3.095046E+01
  6.840000E+00   9.026793E+04   9.380995E+04  2.927289E+01
  6.845000E+00   8.875445E+04   9.209749E+04  2.762843E+01
  6.850000E+00   8.722853E+04   9.037680E+04  2.601872E+01
  6.855000E+00   8.569169E+04   8.864957E+04  2.444533E+01
  6.860000E+00   8.414543E+04   8.691752E+04  2.290983E+01
  6.865000E+00   8.259128E+04   8.518234E+04  2.141372E+01
  6.870000E+00   8.103077E+04   8.344575E+04  1.995850E+01
  6.875000E+00   7.946545E+04   8.170947E+04  1.854558E+01
  6.880000E+00   7.789687E+04   7.997521E+04  1.717637E+01
  6.885000E+00   7.632656E+04   7.824467E+04  1.585221E+01
  6.890000E+00   7.475607E+04   7.651958E+04  1.457442E+01
  6.895000E+00   7.318697E+04   7.480162E+04  1.334425E+01
  6.900000E+00   7.162079E+04   7.309251E+04  1.216292E+01
  6.905000E+00   7.005909E+04   7.139391E+04  1.103159E+01
  6.910000E+00   6.850339E+04   6.970751E+04  9.951385E+00
  6.915000E+00   6.695525E+04   6.803498E+04  8.923363E+00
  6.920000E+00   6.541618E+04   6.637795E+04  7.948543E+00
  6.925000E+00   6.388771E+04   6.473808E+04  7.027890E+00
  6.930000E+00   6.237134E+04   6.311698E+04  6.162307E+00
  6.935000E+00   6.086857E+04   6.151624E+04  5.352650E+00
  6.940000E+00   5.938088E+04   5.993745E+04  4.599718E+00
  6.945000E+00   5.790975E+04   5.838216E+04  3.904255E+00
  6.950000E+00   5.645662E+04   5.685192E+04  3.266946E+00
  6.955000E+00   5.502292E+04   5.534822E+04  2.688422E+00
  6.960000E+00   5.361008E+04   5.387256E+04  2.169253E+00
  6.965000E+00   5.221948E+04   5.242639E+04  1.709946E+00
  6.970000E+00   5.085251E+04   5.101113E+04  1.310961E+00
  6.975000E+00   4.951050E+04   4.962819E+04  9.726895E-01
  6.980000E+00   4.819478E+04   4.827893E+04  6.954652E-01
  6.985000E+00   4.690665E+04   4.696468E+04  4.795619E-01
  6.990000E+00   4.564739E+04   4.568673E+04  3.251927E-01
  6.995000E+00   4.441823E+04   4.444636E+04  2.325101E-01
  7.000000E+00   4.322038E+04   4.324478E+04  2.016058E-01
  7.005000E+00   4.205504E+04   4.208317E+04  2.325102E-01
  7.010000E+00   4.092335E+04   4.096269E+04  3.251923E-01
  7.015000E+00   3.982642E+04   3.988445E+04  4.795609E-01
  7.020000E+00   3.876534E+04   3.884949E+04  6.954645E-01
  7.025000E+00   3.774116E+04   3.785886E+04  9.726893E-01
  7.030000E+00   3.675489E+04   3.691351E+04  1.310961E+00
  7.035000E+00   3.580749E+04   3.601440E+04  1.709947E+00
  7.040000E+00   3.489991E+04   3.516239E+04  2.169251E+00
  7.045000E+00   3.403305E+04   3.435834E+04  2.688422E+00
  7.050000E+00   3.320774E+04   3.360305E+04  3.266947E+00
  7.055000E+00   3.242482E+04   3.289724E+04  3.904256E+00
  7.060000E+00   3.168506E+04   3.224162E+04  4.599719E+00
  7.065000E+00   3.098918E+04   3.163685E+04  5.352650E+00
  7.070000E+00   3.033786E+04   3.108350E+04  6.162307E+00
  7.075000E+00   2.973176E+04   3.058214E+04  7.027890E+00
  7.080000E+00   2.917148E+04   3.013325E+04  7.948545E+00
  7.085000E+00   2.865755E+04   2.973728E+04  8.923364E+00
  7.090000E+00   2.819050E+04   2.939462E+04  9.951384E+00
  7.095000E+00   2.777078E+04   2.910560E+04  1.103159E+01
  7.100000E+00   2.739881E+04   2.887052E+04  1.216292E+01
  7.105000E+00   2.707495E+04   2.868960E+04  1.334425E+01
  7.110000E+00   2.679952E+04   2.856303E+04  1.457442E+01
  7.115000E+00   2.657280E+04   2.849092E+04  1.585221E+01
  7.120000E+00   2.639501E+04   2.847335E+04  1.717637E+01
  7.125000E+00   2.626633E+04   2.851034E+04  1.854558E+01
  7.130000E+00   2.618687E+04   2.860185E+04  1.995850E+01
  7.135000E+00   2.615672E+04   2.874778E+04  2.141373E+01
  7.140000E+00   2.617592E+04   2.894801E+04  2.290983E+01
  7.145000E+00   2.624443E+04   2.920232E+04  2.444533E+01
  7.150000E+00   2.636220E+04   2.951046E+04  2.601872E+01
  7.155000E+00   2.652910E+04   2.987214E+04  2.762843E+01
  7.160000E+00   2.674498E+04   3.028700E+04  2.927289E+01
  7.165000E+00   2.700961E+04   3.075462E+04  3.095047E+01
  7.170000E+00   2.732274E+04   3.127454E+04  3.265950E+01
  7.175000E+00   2.768406E+04   3.184626E+04  3.439832E+01
  7.180000E+00   2.809322E+04   3.246921E+04  3.616519E+01
  7.185000E+00   2.854980E+04   3.314276E+04  3.795838E+01
  7.190000E+00   2.905336E+04   3.386627E+04  3.977612E+01
  7.195000E+00   2.960340E+04   3.463901E+04  4.161661E+01
  7.200000E+00   3.019938E+04   3.546022E+04  4.347804E+01
  7.205000E+00   3.084071E+04   3.632909E+04  4.535857E+01
  7.210000E+00   3.152675E+04   3.724477E+04  4.725634E+01
  7.215000E+00   3.225684E+04   3.820634E+04  4.916948E+01
  7.220000E+00   3.303024E+04   3.921287E+04  5.109611E+01
  7.225000E+00   3.384620E+04   4.026335E+04  5.303432E+01
  7.230000E+00   3.470391E+04   4.135676E+04  5.498220E+01
  7.235000E+00   3.560253E+04   4.249201E+04  5.693782E+01
  7.240000E+00   3.654116E+04   4.366797E+04  5.889926E+01
  7.245000E+00   3.751889E+04   4.488350E+04  6.086459E+01
  7.250000E+00   3.853474E+04   4.613739E+04  6.283185E+01
  7.255000E+00   3.958772E+04   4.742841E+04  6.479912E+01
  7.260000E+00   4.067678E+04   4.875527E+04  6.676444E+01
  7.265000E+00   4.180085E+04   5.011668E+04  6.872588E+01
  7.270000E+00   4.295882E+04   5.151128E+04  7.068151E+01
  7.275000E+00   4.414955E+04   5.293770E+04  7.262939E+01
  7.280000E+00   4.537186E+04   5.439454E+04  7.456759E+01
  7.285000E+00   4.662455E+04   5.588035E+04  7.649422E+01
  7.290000E+00   4.790637E+04   5.739367E+04  7.840737E+01
  7.295000E+00   4.921608E+04   5.893300E+04  8.030514E+01
  7.300000E+00   5.055236E+04   6.049683E+04  8.218567E+01
  7.305000E+00   5.191391E+04   6.208361E+04  8.404709E+01
  7.310000E+00   5.329938E+04   6.369178E+04  8.588759E+01
  7.315000E+00   5.470741E+04   6.531975E+04  8.770532E+01
  7.320000E+00   5.613659E+04   6.696591E+04  8.949851E+01
  7.325000E+00   5.758553E+04   6.862865E+04  9.126539E+01
  7.330000E+00   5.905280E+04   7.030631E+04  9.300420E+01
  7.335000E+00   6.053693E+04   7.199724E+04  9.471324E+01
  7.340000E+00   6.203648E+04   7.369977E+04  9.639082E+01
  7.345000E+00   6.354996E+04   7.541223E+04  9.803527E+01
  7.350000E+00   6.507588E+04   7.713292E+04  9.964499E+01
  7.355000E+00   6.661272E+04   7.886015E+04  1.012184E+02
  7.360000E+00   6.815899E+04   8.059220E+04  1.027539E+02
  7.365000E+00   6.971313E+04   8.232738E+04  1.042500E+02
  7.370000E+00   7.127364E+04   8.406397E+04  1.057052E+02
  7.375000E+00   7.283896E+04   8.580025E+04  1.071181E+02
  7.380000E+00   7.440755E+04   8.753451E+04  1.084873E+02
  7.385000E+00   7.597786E+04   8.926505E+04  1.098115E+02
  7.390000E+00   7.754834E+04   9.099014E+04  1.110893E+02
  7.395000E+00   7.911744E+04   9.270810E+04  1.123195E+02
  7.400000E+00   8.068362E+04   9.441722E+04  1.135008E+02
  7.405000E+00   8.224533E+04   9.611581E+04  1.146321E+02
  7.410000E+00   8.380102E+04   9.780221E+04  1.157123E+02
  7.415000E+00   8.534916E+04   9.947474E+04  1.167403E+02
  7.420000E+00   8.688823E+04   1.011318E+05  1.177152E+02
  7.425000E+00   8.841670E+04   1.027716E+05  1.186358E+02
  7.430000E+00   8.993307E+04   1.043927E+05  1.195014E+02
  7.435000E+00   9.143584E+04   1.059935E+05  1.203111E+02
  7.440000E+00   9.292353E+04   1.075723E+05  1.210640E+02
  7.445000E+00   9.439466E+04   1.091276E+05  1.217594E+02
  7.450000E+00   9.584780E+04   1.106578E+05  1.223968E+02
  7.455000E+00   9.728149E+04   1.121615E+05  1.229753E+02
  7.460000E+00   9.869433E+04   1.136372E+05  1.234945E+02
  7.465000E+00   1.000849E+05   1.150833E+05  1.239538E+02
  7.470000E+00   1.014519E+05   1.164986E+05  1.243527E+02
  7.475000E+00   1.027939E+05   1.178815E+05  1.246910E+02
  7.480000E+00   1.041096E+05   1.192308E+05  1.249682E+02
  7.485000E+00   1.053978E+05   1.205450E+05  1.251841E+02
  7.490000E+00   1.066570E+05   1.218230E+05  1.253385E+02
  7.495000E+00   1.078862E+05   1.230634E+05  1.254312E+02
  7.500000E+00   1.090840E+05   1.242649E+05  1.254621E+02
  7.505000E+00   1.102494E+05   1.254265E+05  1.254312E+02
  7.510000E+00   1.113811E+05   1.265470E+05  1.253385E+02
  7.515000E+00   1.124780E+05   1.276253E+05  1.251841E+02
  7.520000E+00   1.135391E+05   1.286602E+05  1.249682E+02
  7.525000E+00   1.145633E+05   1.296509E+05  1.246910E+02
  7.530000E+00   1.155495E+05   1.305962E+05  1.243527E+02
  7.535000E+00   1.164969E+05   1.314953E+05  1.239538E+02
  7.540000E+00   1.174045E+05   1.323473E+05  1.234945E+02
  7.545000E+00   1.182714E+05   1.331514E+05  1.229753E+02
  7.550000E+00   1.190967E+05   1.339067E+05  1.223968E+02
  7.555000E+00   1.198796E+05   1.346125E+05  1.217595E+02
  7.560000E+00   1.206194E+05   1.352681E+05  1.210640E+02
  7.565000E+00   1.213152E+05   1.358729E+05  1.203111E+02
  7.570000E+00   1.219665E+05   1.364262E+05  1.195014E+02
  7.575000E+00   1.225726E+05   1.369276E+05  1.186358E+02
  7.580000E+00   1.231329E+05   1.373765E+05  1.177152E+02
  7.585000E+00   1.236469E+05   1.377724E+05  1.167403E+02
  7.590000E+00   1.241139E+05   1.381151E+05  1.157123E+02
  7.595000E+00   1.245336E+05   1.384041E+05  1.146321E+02
  7.600000E+00   1.249056E+05   1.386392E+05  1.135008E+02
  7.605000E+00   1.252295E+05   1.388201E+05  1.123195E+02
  7.610000E+00   1.255049E+05   1.389467E+05  1.110893E+02
  7.615000E+00   1.257316E+05   1.390188E+05  1.098115E+02
  7.620000E+00   1.259094E+05   1.390364E+05  1.084873E+02
  7.625000E+00   1.260381E+05   1.389994E+05  1.071181E+02
  7.630000E+00   1.261175E+05   1.389079E+05  1.057052E+02
  7.635000E+00   1.261477E+05   1.387619E+05  1.042500E+02
  7.640000E+00   1.261285E+05   1.385617E+05  1.027539E+02
  7.645000E+00   1.260600E+05   1.383074E+05  1.012184E+02
  7.650000E+00   1.259422E+05   1.379993E+05  9.964499E+01
  7.655000E+00   1.257753E+05   1.376376E+05  9.803527E+01
  7.660000E+00   1.255594E+05   1.372227E+05  9.639082E+01
  7.665000E+00   1.252948E+05   1.367551E+05  9.471324E+01
  7.670000E+00   1.249817E+05   1.362352E+05  9.300420E+01
  7.675000E+00   1.246203E+05   1.356635E+05  9.126539E+01
  7.680000E+00   1.242112E+05   1.350405E+05  8.949851E+01
  7.685000E+00   1.237546E+05   1.343670E+05  8.770532E+01
  7.690000E+00   1.232511E+05   1.336435E+05  8.588758E+01
  7.695000E+00   1.227010E+05   1.328707E+05  8.404709E+01
  7.700000E+00   1.221050E+05   1.320495E+05  8.218566E+01
  7.705000E+00   1.214637E+05   1.311806E+05  8.030514E+01
  7.710000E+00   1.207777E+05   1.302650E+05  7.840736E+01
  7.715000E+00   1.200476E+05   1.293034E+05  7.649422E+01
  7.720000E+00   1.192742E+05   1.282968E+05  7.456759E+01
  7.725000E+00   1.184582E+05   1.272464E+05  7.262939E+01
  7.730000E+00   1.176005E+05   1.261530E+05  7.068151E+01
  7.735000E+00   1.167019E+05   1.250177E+05  6.872588E+01
  7.740000E+00   1.157632E+05   1.238417E+05  6.676444E+01
  7.745000E+00   1.147855E+05   1.226262E+05  6.479912E+01
  7.750000E+00   1.137697E+05   1.213723E+05  6.283185E+01
  7.755000E+00   1.127167E+05   1.200813E+05  6.086459E+01
  7.760000E+00   1.116276E+05   1.187544E+05  5.889927E+01
  7.765000E+00   1.105036E+05   1.173930E+05  5.693782E+01
  7.770000E+00   1.093456E+05   1.159984E+05  5.498220E+01
  7.775000E+00   1.081549E+05   1.145720E+05  5.303432E+01
  7.780000E+00   1.069326E+05   1.131152E+05  5.109611E+01
  7.785000E+00   1.056799E+05   1.116294E+05  4.916948E+01
  7.790000E+00   1.043980E+05   1.101161E+05  4.725634E+01
  7.795000E+00   1.030883E+05   1.085767E+05  4.535857E+01
  7.800000E+00   1.017520E+05   1.070129E+05  4.347804E+01
  7.805000E+00   1.003905E+05   1.054261E+05  4.161661E+01
  7.810000E+00   9.900503E+04   1.038179E+05  3.977612E+01
  7.815000E+00   9.759700E+04   1.021900E+05  3.795838E+01
  7.820000E+00   9.616782E+04   1.005438E+05  3.616519E+01
  7.825000E+00   9.471888E+04   9.888107E+04  3.439832E+01
  7.830000E+00   9.325161E+04   9.720341E+04  3.265950E+01
  7.835000E+00   9.176748E+04   9.551248E+04  3.095046E+01
  7.840000E+00   9.026793E+04   9.380995E+04  2.927289E+01
  7.845000E+00   8.875445E+04   9.209749E+04  2.762843E+01
  7.850000E+00   8.722853E+04   9.037680E+04  2.601872E+01
  7.855000E+00   8.569169E+04   8.864957E+04  2.444533E+01
  7.860000E+00   8.414543E+04   8.691752E+04  2.290983E+01
  7.865000E+00   8.259128E+04   8.518234E+04  2.141372E+01
  7.870000E+00   8.103077E+04   8.344575E+04  1.995850E+01
  7.875000E+00   7.946545E+04   8.170947E+04  1.854558E+01
  7.880000E+00   7.789687E+04   7.997521E+04  1.717637E+01
  7.885000E+00   7.632656E+04   7.824467E+04  1.585221E+01
  7.890000E+00   7.475607E+04   7.651958E+04  1.457442E+01
  7.895000E+00   7.318697E+04   7.480162E+04  1.334425E+01
  7.900000E+00   7.162079E+04   7.309251E+04  1.216292E+01
  7.905000E+00   7.005909E+04   7.139391E+04  1.103159E+01
  7.910000E+00   6.850339E+04   6.970751E+04  9.951385E+00
  7.915000E+00   6.695525E+04   6.803498E+04  8.923363E+00
  7.920000E+00   6.541618E+04   6.637795E+04  7.948543E+00
  7.925000E+00   6.388771E+04   6.473808E+04  7.027890E+00
  7.930000E+00   6.237134E+04   6.311698E+04  6.162307E+00
  7.935000E+00   6.086857E+04   6.151624E+04  5.352650E+00
  7.940000E+00   5.938088E+04   5.993745E+04  4.599718E+00
  7.945000E+00   5.790975E+04   5.838216E+04  3.904255E+00
  7.950000E+00   5.645662E+04   5.685192E+04  3.266946E+00
  7.955000E+00   5.502292E+04   5.534822E+04  2.688422E+00
  7.960000E+00   5.361008E+04   5.387256E+04  2.169253E+00
  7.965000E+00   5.221948E+04   5.242639E+04  1.709946E+00
  7.970000E+00   5.085251E+04   5.101113E+04  1.310961E+00
  7.975000E+00   4.951050E+04   4.962819E+04  9.726895E-01
  7.980000E+00   4.819478E+04   4.827893E+04  6.954652E-01
  7.985000E+00   4.690665E+04   4.696468E+04  4.795619E-01
  7.990000E+00   4.564739E+04   4.568673E+04  3.251927E-01
  7.995000E+00   4.441823E+04   4.444636E+04  2.325101E-01
  8.000000E+00   4.322038E+04   4.324478E+04  2.016058E-01
