lumen_inlet lumen_outlet lumen_wall 
1.249455E1 1.249056E1 3.765934E2 

1.632949E3 4.923109E2 1.064807E3 
5.543644E1 7.733140E2 4.122955E2 
1.474202E3 1.035532E3 1.256742E3 
7.047138E2 1.132364E3 9.171718E2 
1.161281E3 1.135054E3 1.149153E3 
8.751899E2 1.060601E3 9.671915E2 
1.077322E3 1.001699E3 1.039869E3 
1.209000E3 1.042229E3 1.125270E3 
1.661690E3 1.272178E3 1.467020E3 
2.288046E3 1.750503E3 2.019135E3 
3.162950E3 2.499118E3 2.831091E3 
4.195782E3 3.492216E3 3.844028E3 
5.333067E3 4.662701E3 4.998022E3 
6.481821E3 5.915239E3 6.198691E3 
7.572898E3 7.148137E3 7.360724E3 
8.558875E3 8.276901E3 8.418090E3 
9.435370E3 9.255305E3 9.345525E3 
1.024066E4 1.008830E4 1.016463E4 
1.105053E4 1.083364E4 1.094220E4 
1.196171E4 1.159103E4 1.177646E4 
1.307008E4 1.248072E4 1.277550E4 
1.444731E4 1.361588E4 1.403174E4 
1.612163E4 1.507478E4 1.559844E4 
1.806751E4 1.687934E4 1.747379E4 
2.020715E4 1.898537E4 1.959678E4 
2.242459E4 2.128775E4 2.185686E4 
2.458995E4 2.364034E4 2.411598E4 
2.658913E4 2.588726E4 2.623913E4 
2.835260E4 2.789907E4 2.812681E4 
2.987648E4 2.960619E4 2.974229E4 
3.123034E4 3.102125E4 3.112671E4 
3.254860E4 3.224454E4 3.239743E4 
3.400557E4 3.344942E4 3.372833E4 
3.577789E4 3.484880E4 3.531423E4 
3.800112E4 3.664829E4 3.732575E4 
4.072901E4 3.899452E4 3.986308E4 
4.390440E4 4.192916E4 4.291848E4 
4.734898E4 4.535913E4 4.635623E4 
5.077611E4 4.905062E4 4.991603E4 
5.382669E4 5.265087E4 5.324185E4 
5.612344E4 5.573625E4 5.593316E4 
5.733541E4 5.787995E4 5.761099E4 
5.724160E4 5.872840E4 5.798803E4 
5.578237E4 5.807299E4 5.693021E4 
5.308878E4 5.590383E4 5.449816E4 
4.948251E4 5.243452E4 5.095968E4 
4.544609E4 4.809192E4 4.676956E4 
4.156523E4 4.347046E4 4.251793E4 
3.845289E4 3.925712E4 3.885480E4 
3.666600E4 3.613836E4 3.640189E4 
3.662878E4 3.470387E4 3.566618E4 
3.857443E4 3.536268E4 3.696881E4 
4.251494E4 3.828538E4 4.040111E4 
4.824339E4 4.338198E4 4.581463E4 
5.536809E4 5.031868E4 5.284660E4 
6.337231E4 5.857041E4 6.097600E4 
7.168942E4 6.749999E4 6.960078E4 
7.978110E4 7.645044E4 7.812312E4 
8.720585E4 8.483525E4 8.602886E4 
9.366781E4 9.221208E4 9.294884E4 
9.903915E4 9.832904E4 9.869323E4 
1.033545E5 1.031376E5 1.032552E5 
1.067807E5 1.067727E5 1.067856E5 
1.095688E5 1.095049E5 1.095456E5 
1.119984E5 1.116769E5 1.118463E5 
1.143249E5 1.136340E5 1.139882E5 
1.167377E5 1.156644E5 1.162101E5 
1.193374E5 1.179561E5 1.186563E5 
1.221320E5 1.205783E5 1.213652E5 
1.250523E5 1.234876E5 1.242807E5 
1.279806E5 1.265555E5 1.272794E5 
1.307855E5 1.296092E5 1.302092E5 
1.333555E5 1.324763E5 1.329282E5 
1.356239E5 1.350249E5 1.353369E5 
1.375815E5 1.371899E5 1.373983E5 
1.392748E5 1.389829E5 1.391415E5 
1.407920E5 1.404833E5 1.406502E5 
1.422401E5 1.418160E5 1.420407E5 
1.437202E5 1.431204E5 1.434330E5 
1.453045E5 1.445178E5 1.449241E5 
1.470223E5 1.460861E5 1.465675E5 
1.488557E5 1.478446E5 1.483639E5 
1.507462E5 1.497534E5 1.502640E5 
1.526103E5 1.517258E5 1.521826E5 
1.543592E5 1.536501E5 1.540195E5 
1.559195E5 1.554160E5 1.556829E5 
1.572482E5 1.569395E5 1.571090E5 
1.583413E5 1.581794E5 1.582755E5 
1.592322E5 1.591453E5 1.592038E5 
1.599822E5 1.598917E5 1.599519E5 
1.606654E5 1.605042E5 1.605997E5 
1.613507E5 1.610777E5 1.612291E5 
1.620865E5 1.616948E5 1.619056E5 
1.628898E5 1.624073E5 1.626637E5 
1.637438E5 1.632252E5 1.634998E5 
1.646027E5 1.641163E5 1.643750E5 
1.654031E5 1.650146E5 1.652245E5 
1.660787E5 1.658369E5 1.659735E5 
1.665759E5 1.665018E5 1.665545E5 
1.668653E5 1.669484E5 1.669224E5 
1.669473E5 1.671494E5 1.670637E5 
1.668516E5 1.671158E5 1.669988E5 
1.666291E5 1.668937E5 1.667763E5 
1.663396E5 1.665522E5 1.664605E5 
1.660379E5 1.661671E5 1.661169E5 
1.657616E5 1.658033E5 1.657967E5 
1.655226E5 1.655006E5 1.655258E5 
1.653053E5 1.652647E5 1.652991E5 
1.650710E5 1.650675E5 1.650833E5 
1.647671E5 1.648540E5 1.648246E5 
1.643401E5 1.645560E5 1.644619E5 
1.637475E5 1.641077E5 1.639412E5 
1.629679E5 1.634615E5 1.632280E5 
1.620054E5 1.625982E5 1.623148E5 
1.608884E5 1.615312E5 1.612223E5 
1.596627E5 1.603026E5 1.599947E5 
1.583810E5 1.589737E5 1.586890E5 
1.570906E5 1.576103E5 1.573618E5 
1.558233E5 1.562680E5 1.560567E5 
1.545880E5 1.549795E5 1.547946E5 
1.533699E5 1.537483E5 1.535697E5 
1.521342E5 1.525483E5 1.523516E5 
1.508348E5 1.513304E5 1.510927E5 
1.494255E5 1.500350E5 1.497401E5 
1.478709E5 1.486059E5 1.482479E5 
1.461550E5 1.470037E5 1.465884E5 
1.442848E5 1.452146E5 1.447583E5 
1.422887E5 1.432543E5 1.427797E5 
1.402104E5 1.411639E5 1.406949E5 
1.380990E5 1.390008E5 1.385571E5 
1.359975E5 1.368253E5 1.364183E5 
1.339343E5 1.346877E5 1.343175E5 
1.319164E5 1.326166E5 1.322727E5 
1.299288E5 1.306134E5 1.302770E5 
1.279385E5 1.286525E5 1.283012E5 
1.259029E5 1.266881E5 1.263009E5 
1.237802E5 1.246651E5 1.242278E5 
1.215395E5 1.225329E5 1.220409E5 
1.191683E5 1.202570E5 1.197170E5 
1.166761E5 1.178281E5 1.172560E5 
1.140924E5 1.152639E5 1.146817E5 
1.114604E5 1.126059E5 1.120363E5 
1.088274E5 1.099101E5 1.093715E5 
1.062345E5 1.072344E5 1.067369E5 
1.037075E5 1.046258E5 1.041688E5 
1.012518E5 1.021101E5 1.016829E5 
9.885123E4 9.968682E4 9.927076E4 
9.647302E4 9.732935E4 9.690271E4 
9.407566E4 9.499238E4 9.453534E4 
9.161923E4 9.262270E4 9.212205E4 
8.907522E4 9.017220E4 8.962454E4 
8.643379E4 8.760960E4 8.702225E4 
8.370664E4 8.492835E4 8.431775E4 
8.092491E4 8.214870E4 8.153677E4 
7.813258E4 7.931366E4 7.872282E4 
7.537687E4 7.647965E4 7.592773E4 
7.269787E4 7.370394E4 7.320018E4 
7.011975E4 7.103203E4 7.057501E4 
6.764570E4 6.848757E4 6.806563E4 
6.525767E4 6.606738E4 6.566142E4 
6.292105E4 6.374270E4 6.333069E4 
6.059327E4 6.146634E4 6.102851E4 
5.823416E4 5.918412E4 5.870774E4 
5.581600E4 5.684803E4 5.633048E4 
5.333056E4 5.442805E4 5.387762E4 
5.079176E4 5.191977E4 5.135394E4 
4.823317E4 4.934619E4 4.878771E4 
4.570086E4 4.675313E4 4.622490E4 
4.324337E4 4.419926E4 4.371912E4 
4.090086E4 4.174311E4 4.131972E4 
3.869625E4 3.942990E4 3.906077E4 
3.663018E4 3.728145E4 3.695350E4 
3.468110E4 3.529132E4 3.498389E4 
3.281055E4 3.342650E4 3.311621E4 
3.097246E4 3.163534E4 3.130157E4 
2.912423E4 2.985982E4 2.948968E4 
2.723727E4 2.804953E4 2.764103E4 
2.530431E4 2.617397E4 2.573673E4 
2.334184E4 2.423043E4 2.378368E4 
2.138710E4 2.224545E4 2.181377E4 
1.949007E4 2.026945E4 1.987722E4 
1.770240E4 1.836576E4 1.803153E4 
1.606571E4 1.659639E4 1.632851E4 
1.460207E4 1.500789E4 1.480246E4 
1.330878E4 1.362052E4 1.346217E4 
1.215889E4 1.242340E4 1.228872E4 
1.110736E4 1.137680E4 1.123970E4 
1.010154E4 1.042119E4 1.025903E4 
9.093720E3 9.491088E3 9.290090E3 
8.052638E3 8.530583E3 8.289309E3 
6.971546E3 7.506933E3 7.236938E3 
5.870587E3 6.419018E3 6.142494E3 
4.792966E3 5.298582E3 5.043459E3 
3.795594E3 4.203798E3 3.997381E3 
2.936254E3 3.206468E3 3.069059E3 
2.260205E3 2.375692E3 2.315673E3 
1.789327E3 1.761712E3 1.773286E3 
1.516436E3 1.383732E3 1.447902E3 
1.406217E3 1.224635E3 1.313303E3 
1.402771E3 1.234055E3 1.316347E3 
1.442242E3 1.339310E3 1.388758E3 
1.467686E3 1.461893E3 1.462805E3 
1.442795E3 1.535843E3 1.487350E3 
1.361235E3 1.523751E3 1.440524E3 
1.249253E3 1.426598E3 1.335946E3 
1.160696E3 1.284905E3 1.220809E3 
1.165323E3 1.170611E3 1.165970E3 
1.332883E3 1.171247E3 1.250075E3 
1.716530E3 1.369805E3 1.541203E3 
2.339393E3 1.824845E3 2.080201E3 
3.187657E3 2.555502E3 2.869724E3 
4.212011E3 3.535102E3 3.871776E3 
5.337501E3 4.695266E3 5.014678E3 
6.479916E3 5.939999E3 6.208317E3 
7.565175E3 7.166951E3 7.364466E3 
8.547313E3 8.291207E3 8.417681E3 
9.420800E3 9.266182E3 9.341905E3 
1.022398E4 1.009657E4 1.015867E4 
1.103232E4 1.083994E4 1.093449E4 
1.194244E4 1.159583E4 1.176749E4 
1.305009E4 1.248438E4 1.276561E4 
1.442686E4 1.361867E4 1.402119E4 
1.610092E4 1.507692E4 1.558744E4 
1.804668E4 1.688097E4 1.746248E4 
2.018631E4 1.898662E4 1.958529E4 
2.240382E4 2.128871E4 2.184526E4 
2.456931E4 2.364109E4 2.410434E4 
2.656867E4 2.588783E4 2.622749E4 
2.833235E4 2.789953E4 2.811522E4 
2.985646E4 2.960654E4 2.973078E4 
3.121057E4 3.102153E4 3.111528E4 
3.252909E4 3.224477E4 3.238611E4 
3.398632E4 3.344960E4 3.371712E4 
3.575890E4 3.484895E4 3.530313E4 
3.798239E4 3.664842E4 3.731477E4 
4.071054E4 3.899462E4 3.985221E4 
4.388618E4 4.192925E4 4.290774E4 
4.733102E4 4.535921E4 4.634560E4 
5.075841E4 4.905069E4 4.990552E4 
5.380924E4 5.265093E4 5.323146E4 
5.610624E4 5.573631E4 5.592289E4 
5.731846E4 5.788001E4 5.760084E4 
5.722489E4 5.872846E4 5.797800E4 
5.576593E4 5.807305E4 5.692031E4 
5.307255E4 5.590388E4 5.448838E4 
4.946651E4 5.243458E4 5.095002E4 
4.543030E4 4.809198E4 4.676000E4 
4.154964E4 4.347052E4 4.250848E4 
3.843748E4 3.925716E4 3.884544E4 
3.665077E4 3.613840E4 3.639263E4 
3.661373E4 3.470392E4 3.565701E4 
3.855957E4 3.536272E4 3.695974E4 
4.250024E4 3.828542E4 4.039211E4 
4.822886E4 4.338202E4 4.580572E4 
5.535373E4 5.031871E4 5.283776E4 
6.335812E4 5.857044E4 6.096724E4 
7.167541E4 6.750002E4 6.959210E4 
7.976727E4 7.645048E4 7.811452E4 
8.719220E4 8.483529E4 8.602035E4 
9.365434E4 9.221211E4 9.294041E4 
9.902587E4 9.832907E4 9.868489E4 
1.033414E5 1.031376E5 1.032469E5 
1.067678E5 1.067727E5 1.067775E5 
1.095561E5 1.095050E5 1.095375E5 
1.119858E5 1.116769E5 1.118383E5 
1.143124E5 1.136340E5 1.139802E5 
1.167254E5 1.156645E5 1.162022E5 
1.193253E5 1.179561E5 1.186484E5 
1.221200E5 1.205783E5 1.213575E5 
1.250405E5 1.234876E5 1.242730E5 
1.279689E5 1.265556E5 1.272718E5 
1.307739E5 1.296092E5 1.302016E5 
1.333441E5 1.324763E5 1.329206E5 
1.356126E5 1.350249E5 1.353294E5 
1.375704E5 1.371900E5 1.373909E5 
1.392638E5 1.389830E5 1.391341E5 
1.407811E5 1.404833E5 1.406429E5 
1.422294E5 1.418161E5 1.420334E5 
1.437096E5 1.431204E5 1.434258E5 
1.452940E5 1.445178E5 1.449170E5 
1.470119E5 1.460861E5 1.465604E5 
1.488454E5 1.478446E5 1.483568E5 
1.507360E5 1.497535E5 1.502570E5 
1.526002E5 1.517258E5 1.521756E5 
1.543493E5 1.536501E5 1.540126E5 
1.559097E5 1.554161E5 1.556760E5 
1.572385E5 1.569395E5 1.571022E5 
1.583317E5 1.581795E5 1.582687E5 
1.592227E5 1.591453E5 1.591970E5 
1.599728E5 1.598918E5 1.599452E5 
1.606561E5 1.605042E5 1.605930E5 
1.613416E5 1.610777E5 1.612225E5 
1.620774E5 1.616949E5 1.618990E5 
1.628808E5 1.624074E5 1.626571E5 
1.637349E5 1.632253E5 1.634933E5 
1.645939E5 1.641163E5 1.643685E5 
1.653943E5 1.650146E5 1.652180E5 
1.660701E5 1.658369E5 1.659671E5 
1.665674E5 1.665018E5 1.665482E5 
1.668568E5 1.669485E5 1.669161E5 
1.669389E5 1.671494E5 1.670574E5 
1.668434E5 1.671159E5 1.669926E5 
1.666209E5 1.668938E5 1.667700E5 
1.663315E5 1.665522E5 1.664542E5 
1.660299E5 1.661671E5 1.661107E5 
1.657537E5 1.658033E5 1.657905E5 
1.655147E5 1.655006E5 1.655196E5 
1.652975E5 1.652647E5 1.652930E5 
1.650632E5 1.650676E5 1.650772E5 
1.647594E5 1.648541E5 1.648185E5 
1.643325E5 1.645560E5 1.644558E5 
1.637400E5 1.641077E5 1.639352E5 
1.629605E5 1.634616E5 1.632220E5 
1.619981E5 1.625983E5 1.623088E5 
1.608811E5 1.615312E5 1.612164E5 
1.596555E5 1.603027E5 1.599888E5 
1.583738E5 1.589738E5 1.586832E5 
1.570835E5 1.576104E5 1.573560E5 
1.558162E5 1.562680E5 1.560508E5 
1.545810E5 1.549796E5 1.547888E5 
1.533630E5 1.537484E5 1.535640E5 
1.521273E5 1.525483E5 1.523459E5 
1.508280E5 1.513304E5 1.510870E5 
1.494187E5 1.500350E5 1.497344E5 
1.478642E5 1.486060E5 1.482422E5 
1.461484E5 1.470037E5 1.465828E5 
1.442782E5 1.452146E5 1.447527E5 
1.422822E5 1.432543E5 1.427741E5 
1.402040E5 1.411640E5 1.406893E5 
1.380926E5 1.390008E5 1.385516E5 
1.359912E5 1.368253E5 1.364128E5 
1.339280E5 1.346877E5 1.343120E5 
1.319102E5 1.326166E5 1.322672E5 
1.299226E5 1.306134E5 1.302716E5 
1.279323E5 1.286526E5 1.282958E5 
1.258968E5 1.266881E5 1.262955E5 
1.237741E5 1.246652E5 1.242224E5 
1.215334E5 1.225329E5 1.220356E5 
1.191623E5 1.202571E5 1.197117E5 
1.166701E5 1.178281E5 1.172507E5 
1.140865E5 1.152639E5 1.146764E5 
1.114545E5 1.126060E5 1.120310E5 
1.088216E5 1.099102E5 1.093663E5 
1.062287E5 1.072344E5 1.067317E5 
1.037018E5 1.046258E5 1.041636E5 
1.012461E5 1.021102E5 1.016777E5 
9.884559E4 9.968685E4 9.926558E4 
9.646741E4 9.732937E4 9.689755E4 
9.407009E4 9.499240E4 9.453020E4 
9.161369E4 9.262273E4 9.211693E4 
8.906972E4 9.017222E4 8.961943E4 
8.642832E4 8.760962E4 8.701716E4 
8.370120E4 8.492837E4 8.431268E4 
8.091950E4 8.214871E4 8.153172E4 
7.812720E4 7.931368E4 7.871779E4 
7.537153E4 7.647966E4 7.592271E4 
7.269255E4 7.370395E4 7.319518E4 
7.011446E4 7.103204E4 7.057003E4 
6.764044E4 6.848758E4 6.806067E4 
6.525243E4 6.606739E4 6.565647E4 
6.291584E4 6.374271E4 6.332576E4 
6.058808E4 6.146635E4 6.102360E4 
5.822900E4 5.918412E4 5.870283E4 
5.581085E4 5.684803E4 5.632559E4 
5.332543E4 5.442805E4 5.387275E4 
5.078666E4 5.191976E4 5.134908E4 
4.822809E4 4.934618E4 4.878286E4 
4.569580E4 4.675312E4 4.622007E4 
4.323832E4 4.419925E4 4.371430E4 
4.089583E4 4.174309E4 4.131491E4 
3.869124E4 3.942988E4 3.905598E4 
3.662518E4 3.728143E4 3.694871E4 
3.467612E4 3.529130E4 3.497911E4 
3.280559E4 3.342648E4 3.311145E4 
3.096751E4 3.163531E4 3.129682E4 
2.911929E4 2.985979E4 2.948494E4 
2.723235E4 2.804949E4 2.763630E4 
2.529940E4 2.617393E4 2.573200E4 
2.333694E4 2.423039E4 2.377896E4 
2.138221E4 2.224540E4 2.180907E4 
1.948519E4 2.026939E4 1.987253E4 
1.769753E4 1.836570E4 1.802684E4 
1.606085E4 1.659632E4 1.632382E4 
1.459722E4 1.500782E4 1.479779E4 
1.330394E4 1.362045E4 1.345751E4 
1.215406E4 1.242333E4 1.228406E4 
1.110254E4 1.137673E4 1.123506E4 
1.009673E4 1.042111E4 1.025439E4 
9.088921E3 9.491010E3 9.285469E3 
8.047849E3 8.530500E3 8.284697E3 
6.966765E3 7.506846E3 7.232333E3 
5.865812E3 6.418925E3 6.137896E3 
4.788198E3 5.298483E3 5.038868E3 
3.790833E3 4.203695E3 3.992797E3 
2.931501E3 3.206363E3 3.064483E3 
2.255461E3 2.375584E3 2.311107E3 
1.784594E3 1.761605E3 1.768732E3 
1.511716E3 1.383627E3 1.443363E3 
1.401511E3 1.224534E3 1.308779E3 
1.398081E3 1.233957E3 1.311839E3 
1.437567E3 1.339215E3 1.384265E3 
1.463025E3 1.461800E3 1.458326E3 
1.438148E3 1.535751E3 1.482885E3 
1.356602E3 1.523658E3 1.436072E3 
1.244631E3 1.426504E3 1.331506E3 
1.156086E3 1.284810E3 1.216381E3 
1.160725E3 1.170517E3 1.161554E3 
1.328299E3 1.171155E3 1.245674E3 
1.711962E3 1.369717E3 1.536819E3 
2.334848E3 1.824763E3 2.075838E3 
3.183132E3 2.555427E3 2.865382E3 
4.207509E3 3.535035E3 3.867456E3 
5.333021E3 4.695207E3 5.010380E3 
6.475458E3 5.939947E3 6.204040E3 
7.560738E3 7.166905E3 7.360210E3 
8.542895E3 8.291165E3 8.413443E3 
9.416401E3 9.266142E3 9.337685E3 
1.021959E4 1.009654E4 1.015446E4 
1.102795E4 1.083990E4 1.093031E4 
1.193809E4 1.159579E4 1.176332E4 
1.304577E4 1.248435E4 1.276146E4 
1.442256E4 1.361865E4 1.401707E4 
1.609665E4 1.507690E4 1.558334E4 
1.804242E4 1.688096E4 1.745840E4 
2.018208E4 1.898661E4 1.958122E4 
2.239961E4 2.128870E4 2.184121E4 
2.456512E4 2.364108E4 2.410031E4 
2.656450E4 2.588783E4 2.622348E4 
2.832820E4 2.789952E4 2.811123E4 
2.985233E4 2.960654E4 2.972680E4 
3.120646E4 3.102153E4 3.111132E4 
3.252500E4 3.224477E4 3.238217E4 
3.398225E4 3.344960E4 3.371319E4 
3.575486E4 3.484894E4 3.529923E4 
3.797837E4 3.664841E4 3.731088E4 
4.070654E4 3.899462E4 3.984834E4 
4.388220E4 4.192924E4 4.290388E4 
4.732706E4 4.535920E4 4.634176E4 
5.075447E4 4.905069E4 4.990170E4 
5.380533E4 5.265093E4 5.322766E4 
5.610235E4 5.573630E4 5.591910E4 
5.731460E4 5.788000E4 5.759707E4 
5.722106E4 5.872846E4 5.797426E4 
5.576212E4 5.807305E4 5.691658E4 
5.306876E4 5.590388E4 5.448467E4 
4.946275E4 5.243458E4 5.094632E4 
4.542655E4 4.809198E4 4.675632E4 
4.154592E4 4.347051E4 4.250481E4 
3.843376E4 3.925716E4 3.884179E4 
3.664707E4 3.613840E4 3.638899E4 
3.661004E4 3.470392E4 3.565338E4 
3.855590E4 3.536272E4 3.695612E4 
4.249658E4 3.828542E4 4.038851E4 
4.822522E4 4.338201E4 4.580213E4 
5.535011E4 5.031871E4 5.283418E4 
6.335452E4 5.857044E4 6.096367E4 
7.167182E4 6.750002E4 6.958855E4 
7.976370E4 7.645047E4 7.811098E4 
8.718866E4 8.483528E4 8.601682E4 
9.365083E4 9.221211E4 9.293691E4 
9.902238E4 9.832907E4 9.868139E4 
1.033379E5 1.031376E5 1.032434E5 
1.067644E5 1.067727E5 1.067740E5 
1.095526E5 1.095050E5 1.095341E5 
1.119825E5 1.116769E5 1.118348E5 
1.143091E5 1.136340E5 1.139768E5 
1.167221E5 1.156645E5 1.161988E5 
1.193220E5 1.179561E5 1.186450E5 
1.221167E5 1.205783E5 1.213541E5 
1.250372E5 1.234876E5 1.242696E5 
1.279656E5 1.265556E5 1.272684E5 
1.307707E5 1.296092E5 1.301983E5 
1.333409E5 1.324763E5 1.329173E5 
1.356094E5 1.350249E5 1.353261E5 
1.375672E5 1.371900E5 1.373876E5 
1.392607E5 1.389830E5 1.391308E5 
1.407780E5 1.404833E5 1.406396E5 
1.422263E5 1.418161E5 1.420301E5 
1.437065E5 1.431204E5 1.434225E5 
1.452909E5 1.445178E5 1.449137E5 
1.470089E5 1.460861E5 1.465571E5 
1.488424E5 1.478446E5 1.483536E5 
1.507330E5 1.497535E5 1.502537E5 
1.525972E5 1.517258E5 1.521724E5 
1.543463E5 1.536501E5 1.540094E5 
1.559067E5 1.554161E5 1.556728E5 
1.572356E5 1.569395E5 1.570990E5 
1.583288E5 1.581795E5 1.582655E5 
1.592198E5 1.591453E5 1.591938E5 
1.599699E5 1.598918E5 1.599420E5 
1.606533E5 1.605042E5 1.605898E5 
1.613387E5 1.610777E5 1.612193E5 
1.620746E5 1.616949E5 1.618959E5 
1.628780E5 1.624074E5 1.626539E5 
1.637322E5 1.632253E5 1.634901E5 
1.645912E5 1.641163E5 1.643653E5 
1.653916E5 1.650146E5 1.652148E5 
1.660673E5 1.658369E5 1.659639E5 
1.665647E5 1.665018E5 1.665450E5 
1.668541E5 1.669485E5 1.669129E5 
1.669363E5 1.671494E5 1.670543E5 
1.668407E5 1.671159E5 1.669894E5 
1.666183E5 1.668938E5 1.667669E5 
1.663289E5 1.665522E5 1.664511E5 
1.660273E5 1.661671E5 1.661076E5 
1.657511E5 1.658033E5 1.657874E5 
1.655122E5 1.655006E5 1.655165E5 
1.652950E5 1.652648E5 1.652899E5 
1.650607E5 1.650676E5 1.650741E5 
1.647569E5 1.648541E5 1.648154E5 
1.643300E5 1.645560E5 1.644527E5 
1.637375E5 1.641077E5 1.639321E5 
1.629580E5 1.634616E5 1.632190E5 
1.619956E5 1.625983E5 1.623057E5 
1.608787E5 1.615312E5 1.612133E5 
1.596531E5 1.603027E5 1.599858E5 
1.583714E5 1.589738E5 1.586801E5 
1.570811E5 1.576104E5 1.573529E5 
1.558139E5 1.562680E5 1.560478E5 
1.545787E5 1.549796E5 1.547858E5 
1.533607E5 1.537484E5 1.535610E5 
1.521250E5 1.525483E5 1.523429E5 
1.508257E5 1.513304E5 1.510840E5 
1.494165E5 1.500350E5 1.497314E5 
1.478620E5 1.486060E5 1.482393E5 
1.461462E5 1.470037E5 1.465798E5 
1.442760E5 1.452146E5 1.447497E5 
1.422800E5 1.432543E5 1.427711E5 
1.402018E5 1.411640E5 1.406864E5 
1.380904E5 1.390008E5 1.385486E5 
1.359891E5 1.368253E5 1.364098E5 
1.339259E5 1.346877E5 1.343091E5 
1.319080E5 1.326166E5 1.322643E5 
1.299205E5 1.306134E5 1.302687E5 
1.279302E5 1.286526E5 1.282929E5 
1.258947E5 1.266881E5 1.262926E5 
1.237721E5 1.246652E5 1.242195E5 
1.215314E5 1.225329E5 1.220327E5 
1.191602E5 1.202571E5 1.197088E5 
1.166681E5 1.178281E5 1.172479E5 
1.140845E5 1.152639E5 1.146735E5 
1.114525E5 1.126060E5 1.120282E5 
1.088196E5 1.099102E5 1.093634E5 
1.062268E5 1.072344E5 1.067288E5 
1.036999E5 1.046258E5 1.041608E5 
1.012441E5 1.021102E5 1.016749E5 
9.884364E4 9.968685E4 9.926278E4 
9.646547E4 9.732937E4 9.689477E4 
9.406816E4 9.499241E4 9.452742E4 
9.161177E4 9.262273E4 9.211416E4 
8.906781E4 9.017222E4 8.961667E4 
8.642642E4 8.760963E4 8.701440E4 
8.369931E4 8.492837E4 8.430993E4 
8.091761E4 8.214871E4 8.152898E4 
7.812532E4 7.931368E4 7.871505E4 
7.536965E4 7.647966E4 7.591998E4 
7.269068E4 7.370395E4 7.319246E4 
7.011260E4 7.103204E4 7.056731E4 
6.763858E4 6.848757E4 6.805796E4 
6.525058E4 6.606738E4 6.565377E4 
6.291399E4 6.374271E4 6.332305E4 
6.058624E4 6.146634E4 6.102090E4 
5.822716E4 5.918411E4 5.870014E4 
5.580902E4 5.684802E4 5.632291E4 
5.332360E4 5.442803E4 5.387007E4 
5.078483E4 5.191975E4 5.134640E4 
4.822626E4 4.934617E4 4.878019E4 
4.569398E4 4.675310E4 4.621739E4 
4.323650E4 4.419923E4 4.371163E4 
4.089401E4 4.174307E4 4.131224E4 
3.868942E4 3.942986E4 3.905331E4 
3.662336E4 3.728141E4 3.694605E4 
3.467430E4 3.529127E4 3.497645E4 
3.280377E4 3.342645E4 3.310879E4 
3.096569E4 3.163528E4 3.129417E4 
2.911748E4 2.985975E4 2.948229E4 
2.723053E4 2.804945E4 2.763365E4 
2.529758E4 2.617389E4 2.572936E4 
2.333512E4 2.423035E4 2.377632E4 
2.138039E4 2.224535E4 2.180642E4 
1.948337E4 2.026934E4 1.986988E4 
1.769570E4 1.836564E4 1.802419E4 
1.605902E4 1.659627E4 1.632118E4 
1.459538E4 1.500776E4 1.479514E4 
1.330210E4 1.362038E4 1.345486E4 
1.215222E4 1.242327E4 1.228142E4 
1.110070E4 1.137666E4 1.123242E4 
1.009490E4 1.042105E4 1.025176E4 
9.087081E3 9.490941E3 9.282833E3 
8.046007E3 8.530428E3 8.282062E3 
6.964920E3 7.506771E3 7.229700E3 
5.863964E3 6.418846E3 6.135262E3 
4.786345E3 5.298402E3 5.036234E3 
3.788977E3 4.203610E3 3.990163E3 
2.929642E3 3.206276E3 3.061851E3 
2.253600E3 2.375497E3 2.308477E3 
1.782733E3 1.761518E3 1.766105E3 
1.509855E3 1.383541E3 1.440739E3 
1.399652E3 1.224450E3 1.306161E3 
1.396224E3 1.233875E3 1.309226E3 
1.435712E3 1.339135E3 1.381658E3 
1.461172E3 1.461721E3 1.455725E3 
1.436296E3 1.535672E3 1.480289E3 
1.354751E3 1.523579E3 1.433480E3 
1.242780E3 1.426425E3 1.328917E3 
1.154235E3 1.284730E3 1.213796E3 
1.158875E3 1.170437E3 1.158973E3 
1.326451E3 1.171076E3 1.243099E3 
1.710117E3 1.369641E3 1.534251E3 
2.333010E3 1.824691E3 2.073279E3 
3.181300E3 2.555359E3 2.862832E3 
4.205685E3 3.534973E3 3.864917E3 
5.331205E3 4.695150E3 5.007852E3 
6.473650E3 5.939895E3 6.201523E3 
7.558937E3 7.166856E3 7.357703E3 
8.541100E3 8.291118E3 8.410945E3 
9.414611E3 9.266098E3 9.335196E3 
1.021781E4 1.009649E4 1.015198E4 
1.102617E4 1.083986E4 1.092784E4 
1.193632E4 1.159575E4 1.176086E4 
1.304401E4 1.248431E4 1.275901E4 
1.442081E4 1.361862E4 1.401463E4 
1.609490E4 1.507687E4 1.558091E4 
1.804069E4 1.688094E4 1.745599E4 
2.018036E4 1.898659E4 1.957882E4 
2.239790E4 2.128869E4 2.183882E4 
2.456342E4 2.364107E4 2.409793E4 
2.656281E4 2.588782E4 2.622111E4 
2.832652E4 2.789951E4 2.810887E4 
2.985066E4 2.960653E4 2.972446E4 
3.120480E4 3.102151E4 3.110899E4 
3.252335E4 3.224476E4 3.237984E4 
3.398061E4 3.344959E4 3.371088E4 
3.575322E4 3.484893E4 3.529692E4 
3.797674E4 3.664840E4 3.730858E4 
4.070492E4 3.899461E4 3.984605E4 
4.388059E4 4.192923E4 4.290160E4 
4.732546E4 4.535920E4 4.633949E4 
5.075288E4 4.905068E4 4.989944E4 
5.380374E4 5.265092E4 5.322541E4 
5.610078E4 5.573630E4 5.591687E4 
5.731304E4 5.788000E4 5.759485E4 
5.721951E4 5.872845E4 5.797205E4 
5.576059E4 5.807304E4 5.691438E4 
5.306724E4 5.590388E4 5.448248E4 
4.946123E4 5.243457E4 5.094415E4 
4.542505E4 4.809197E4 4.675415E4 
4.154442E4 4.347051E4 4.250265E4 
3.843227E4 3.925715E4 3.883963E4 
3.664558E4 3.613839E4 3.638684E4 
3.660856E4 3.470391E4 3.565124E4 
3.855442E4 3.536271E4 3.695399E4 
4.249511E4 3.828541E4 4.038638E4 
4.822376E4 4.338200E4 4.580001E4 
5.534865E4 5.031870E4 5.283207E4 
6.335307E4 5.857043E4 6.096157E4 
7.167038E4 6.750001E4 6.958645E4 
7.976227E4 7.645047E4 7.810889E4 
8.718724E4 8.483528E4 8.601474E4 
9.364942E4 9.221210E4 9.293484E4 
9.902099E4 9.832907E4 9.867934E4 
1.033366E5 1.031376E5 1.032414E5 
1.067630E5 1.067727E5 1.067719E5 
1.095513E5 1.095050E5 1.095320E5 
1.119811E5 1.116769E5 1.118328E5 
1.143077E5 1.136340E5 1.139748E5 
1.167208E5 1.156645E5 1.161968E5 
1.193207E5 1.179561E5 1.186430E5 
1.221154E5 1.205783E5 1.213521E5 
1.250359E5 1.234876E5 1.242676E5 
1.279643E5 1.265556E5 1.272664E5 
1.307694E5 1.296092E5 1.301963E5 
1.333396E5 1.324763E5 1.329153E5 
1.356082E5 1.350249E5 1.353241E5 
1.375659E5 1.371900E5 1.373856E5 
1.392594E5 1.389830E5 1.391288E5 
1.407767E5 1.404833E5 1.406377E5 
1.422250E5 1.418161E5 1.420282E5 
1.437053E5 1.431204E5 1.434206E5 
1.452897E5 1.445178E5 1.449118E5 
1.470077E5 1.460861E5 1.465552E5 
1.488412E5 1.478446E5 1.483516E5 
1.507319E5 1.497535E5 1.502518E5 
1.525961E5 1.517258E5 1.521705E5 
1.543452E5 1.536501E5 1.540075E5 
1.559056E5 1.554161E5 1.556709E5 
1.572345E5 1.569395E5 1.570971E5 
1.583277E5 1.581795E5 1.582636E5 
1.592187E5 1.591453E5 1.591919E5 
1.599688E5 1.598918E5 1.599401E5 
1.606521E5 1.605042E5 1.605879E5 
1.613376E5 1.610777E5 1.612174E5 
1.620735E5 1.616949E5 1.618940E5 
1.628769E5 1.624074E5 1.626521E5 
1.637311E5 1.632253E5 1.634883E5 
1.645901E5 1.641163E5 1.643635E5 
1.653905E5 1.650146E5 1.652130E5 
1.660663E5 1.658369E5 1.659621E5 
1.665636E5 1.665018E5 1.665432E5 
1.668531E5 1.669485E5 1.669111E5 
1.669352E5 1.671494E5 1.670524E5 
1.668397E5 1.671159E5 1.669876E5 
1.666173E5 1.668938E5 1.667650E5 
1.663279E5 1.665522E5 1.664493E5 
1.660263E5 1.661671E5 1.661057E5 
1.657501E5 1.658033E5 1.657856E5 
1.655112E5 1.655006E5 1.655147E5 
1.652940E5 1.652648E5 1.652881E5 
1.650597E5 1.650676E5 1.650723E5 
1.647560E5 1.648541E5 1.648136E5 
1.643291E5 1.645560E5 1.644510E5 
1.637366E5 1.641077E5 1.639303E5 
1.629571E5 1.634616E5 1.632172E5 
1.619947E5 1.625983E5 1.623040E5 
1.608778E5 1.615312E5 1.612116E5 
1.596522E5 1.603027E5 1.599840E5 
1.583705E5 1.589738E5 1.586784E5 
1.570802E5 1.576104E5 1.573512E5 
1.558130E5 1.562680E5 1.560461E5 
1.545778E5 1.549796E5 1.547840E5 
1.533598E5 1.537484E5 1.535592E5 
1.521242E5 1.525483E5 1.523411E5 
1.508248E5 1.513304E5 1.510823E5 
1.494156E5 1.500350E5 1.497297E5 
1.478612E5 1.486060E5 1.482376E5 
1.461454E5 1.470037E5 1.465781E5 
1.442752E5 1.452146E5 1.447481E5 
1.422792E5 1.432543E5 1.427694E5 
1.402010E5 1.411640E5 1.406847E5 
1.380896E5 1.390008E5 1.385470E5 
1.359883E5 1.368253E5 1.364082E5 
1.339251E5 1.346877E5 1.343075E5 
1.319073E5 1.326166E5 1.322627E5 
1.299197E5 1.306134E5 1.302670E5 
1.279294E5 1.286526E5 1.282912E5 
1.258940E5 1.266881E5 1.262910E5 
1.237713E5 1.246652E5 1.242179E5 
1.215307E5 1.225329E5 1.220311E5 
1.191595E5 1.202571E5 1.197072E5 
1.166674E5 1.178281E5 1.172462E5 
1.140837E5 1.152639E5 1.146719E5 
1.114518E5 1.126060E5 1.120266E5 
1.088189E5 1.099102E5 1.093619E5 
1.062261E5 1.072344E5 1.067273E5 
1.036992E5 1.046258E5 1.041592E5 
1.012434E5 1.021102E5 1.016733E5 
9.884297E4 9.968685E4 9.926123E4 
9.646481E4 9.732937E4 9.689322E4 
9.406751E4 9.499240E4 9.452589E4 
9.161113E4 9.262273E4 9.211263E4 
8.906717E4 9.017222E4 8.961516E4 
8.642579E4 8.760962E4 8.701290E4 
8.369869E4 8.492836E4 8.430844E4 
8.091700E4 8.214871E4 8.152749E4 
7.812472E4 7.931367E4 7.871358E4 
7.536906E4 7.647965E4 7.591851E4 
7.269010E4 7.370394E4 7.319100E4 
7.011202E4 7.103203E4 7.056586E4 
6.763801E4 6.848756E4 6.805652E4 
6.525002E4 6.606737E4 6.565234E4 
6.291344E4 6.374269E4 6.332163E4 
6.058569E4 6.146633E4 6.101949E4 
5.822662E4 5.918410E4 5.869874E4 
5.580850E4 5.684801E4 5.632152E4 
5.332309E4 5.442802E4 5.386869E4 
5.078432E4 5.191973E4 5.134503E4 
4.822576E4 4.934614E4 4.877882E4 
4.569348E4 4.675308E4 4.621604E4 
4.323600E4 4.419920E4 4.371028E4 
4.089352E4 4.174304E4 4.131090E4 
3.868894E4 3.942983E4 3.905198E4 
3.662289E4 3.728137E4 3.694473E4 
3.467383E4 3.529123E4 3.497514E4 
3.280331E4 3.342641E4 3.310749E4 
3.096523E4 3.163524E4 3.129287E4 
2.911702E4 2.985971E4 2.948100E4 
2.723008E4 2.804941E4 2.763237E4 
2.529713E4 2.617384E4 2.572808E4 
2.333468E4 2.423030E4 2.377505E4 
2.137995E4 2.224530E4 2.180515E4 
1.948292E4 2.026928E4 1.986862E4 
1.769526E4 1.836558E4 1.802293E4 
1.605858E4 1.659620E4 1.631992E4 
1.459494E4 1.500769E4 1.479389E4 
1.330167E4 1.362031E4 1.345362E4 
1.215179E4 1.242319E4 1.228018E4 
1.110027E4 1.137659E4 1.123118E4 
1.009447E4 1.042097E4 1.025053E4 
9.086652E3 9.490862E3 9.281610E3 
8.045579E3 8.530348E3 8.280844E3 
6.964492E3 7.506686E3 7.228485E3 
5.863536E3 6.418759E3 6.134050E3 
4.785917E3 5.298310E3 5.035024E3 
3.788548E3 4.203516E3 3.988957E3 
2.929213E3 3.206179E3 3.060647E3 
2.253171E3 2.375399E3 2.307277E3 
1.782305E3 1.761420E3 1.764910E3 
1.509430E3 1.383444E3 1.439551E3 
1.399231E3 1.224354E3 1.304979E3 
1.395807E3 1.233781E3 1.308052E3 
