lumen_inlet lumen_outlet lumen_wall 
1.249455E1 1.249056E1 3.765934E2 

-2.12392E3 8.864114E2 0.00000000 
-7.53420E1 8.900446E2 0.00000000 
-1.93878E3 1.491588E3 0.00000000 
-7.59910E2 1.151678E3 0.00000000 
-9.26952E2 9.422609E2 0.00000000 
-5.23666E2 6.183850E2 0.00000000 
-6.55998E2 6.177402E2 0.00000000 
-1.12168E3 9.619742E2 0.00000000 
-2.65670E3 2.033635E3 0.00000000 
-5.94379E3 4.538946E3 0.00000000 
-1.21314E4 9.573784E3 0.00000000 
-2.17181E4 1.805558E4 0.00000000 
-3.44894E4 3.012895E4 0.00000000 
-4.90903E4 4.477085E4 0.00000000 
-6.36982E4 6.009955E4 0.00000000 
-7.67658E4 7.421537E4 0.00000000 
-8.78885E4 8.619469E4 0.00000000 
-9.81408E4 9.666538E4 0.00000000 
-1.09945E5 1.077684E5 0.00000000 
-1.26635E5 1.226813E5 0.00000000 
-1.51984E5 1.450828E5 0.00000000 
-1.89709E5 1.787179E5 0.00000000 
-2.42738E5 2.268710E5 0.00000000 
-3.12099E5 2.914350E5 0.00000000 
-3.95715E5 3.716192E5 0.00000000 
-4.87864E5 4.629434E5 0.00000000 
-5.80060E5 5.574707E5 0.00000000 
-6.63518E5 6.458327E5 0.00000000 
-7.32456E5 7.205963E5 0.00000000 
-7.86819E5 7.795822E5 0.00000000 
-8.33277E5 8.275889E5 0.00000000 
-8.84197E5 8.758122E5 0.00000000 
-9.55284E5 9.394887E5 0.00000000 
-1.06282E6 1.034967E6 0.00000000 
-1.22081E6 1.176989E6 0.00000000 
-1.43754E6 1.375823E6 0.00000000 
-1.71090E6 1.633291E6 0.00000000 
-2.02329E6 1.937510E6 0.00000000 
-2.33860E6 2.258338E6 0.00000000 
-2.60495E6 2.547322E6 0.00000000 
-2.76525E6 2.745639E6 0.00000000 
-2.77402E6 2.800128E6 0.00000000 
-2.61454E6 2.682529E6 0.00000000 
-2.30829E6 2.403431E6 0.00000000 
-1.91131E6 2.013150E6 0.00000000 
-1.49750E6 1.587340E6 0.00000000 
-1.13647E6 1.203039E6 0.00000000 
-8.76021E5 9.164320E5 0.00000000 
-7.37718E5 7.532536E5 0.00000000 
-7.26492E5 7.159837E5 0.00000000 
-8.47237E5 8.024509E5 0.00000000 
-1.11728E6 1.023695E6 0.00000000 
-1.56592E6 1.409162E6 0.00000000 
-2.21979E6 1.994617E6 0.00000000 
-3.08155E6 2.798474E6 0.00000000 
-4.11373E6 3.799459E6 0.00000000 
-5.23762E6 4.928594E6 0.00000000 
-6.34949E6 6.081301E6 0.00000000 
-7.34811E6 7.145278E6 0.00000000 
-8.16206E6 8.032320E6 0.00000000 
-8.76659E6 8.701106E6 0.00000000 
-9.18490E6 9.163239E6 0.00000000 
-9.47575E6 9.472785E6 0.00000000 
-9.71387E6 9.705957E6 0.00000000 
-9.97055E6 9.939531E6 0.00000000 
-1.02992E7 1.023435E7 0.00000000 
-1.07279E7 1.062628E7 0.00000000 
-1.12573E7 1.112363E7 0.00000000 
-1.18640E7 1.170941E7 0.00000000 
-1.25074E7 1.234695E7 0.00000000 
-1.31390E7 1.298848E7 0.00000000 
-1.37136E7 1.358593E7 0.00000000 
-1.41999E7 1.410196E7 0.00000000 
-1.45873E7 1.451864E7 0.00000000 
-1.48877E7 1.484108E7 0.00000000 
-1.51308E7 1.509488E7 0.00000000 
-1.53565E7 1.531861E7 0.00000000 
-1.56045E7 1.555358E7 0.00000000 
-1.59050E7 1.583402E7 0.00000000 
-1.62728E7 1.617986E7 0.00000000 
-1.67047E7 1.659318E7 0.00000000 
-1.71806E7 1.705847E7 0.00000000 
-1.76685E7 1.754654E7 0.00000000 
-1.81319E7 1.802107E7 0.00000000 
-1.85378E7 1.844680E7 0.00000000 
-1.88643E7 1.879758E7 0.00000000 
-1.91055E7 1.906224E7 0.00000000 
-1.92722E7 1.924683E7 0.00000000 
-1.93886E7 1.937243E7 0.00000000 
-1.94860E7 1.946939E7 0.00000000 
-1.95949E7 1.956961E7 0.00000000 
-1.97381E7 1.969898E7 0.00000000 
-1.99257E7 1.987163E7 0.00000000 
-2.01531E7 2.008727E7 0.00000000 
-2.04025E7 2.033161E7 0.00000000 
-2.06472E7 2.057989E7 0.00000000 
-2.08579E7 2.080257E7 0.00000000 
-2.10090E7 2.097213E7 0.00000000 
-2.10850E7 2.106940E7 0.00000000 
-2.10835E7 2.108794E7 0.00000000 
-2.10157E7 2.103525E7 0.00000000 
-2.09032E7 2.093056E7 0.00000000 
-2.07725E7 2.079990E7 0.00000000 
-2.06488E7 2.066965E7 0.00000000 
-2.05500E7 2.056048E7 0.00000000 
-2.04832E7 2.048283E7 0.00000000 
-2.04433E7 2.043504E7 0.00000000 
-2.04148E7 2.040416E7 0.00000000 
-2.03752E7 2.036923E7 0.00000000 
-2.03010E7 2.030628E7 0.00000000 
-2.01728E7 2.019399E7 0.00000000 
-1.99798E7 2.001871E7 0.00000000 
-1.97227E7 1.977762E7 0.00000000 
-1.94128E7 1.947929E7 0.00000000 
-1.90696E7 1.914143E7 0.00000000 
-1.87156E7 1.878647E7 0.00000000 
-1.83716E7 1.843625E7 0.00000000 
-1.80514E7 1.810715E7 0.00000000 
-1.77599E7 1.780669E7 0.00000000 
-1.74919E7 1.753239E7 0.00000000 
-1.72340E7 1.727282E7 0.00000000 
-1.69681E7 1.701066E7 0.00000000 
-1.66756E7 1.672695E7 0.00000000 
-1.63423E7 1.640570E7 0.00000000 
-1.59614E7 1.603771E7 0.00000000 
-1.55354E7 1.562281E7 0.00000000 
-1.50752E7 1.516984E7 0.00000000 
-1.45977E7 1.469443E7 0.00000000 
-1.41214E7 1.421525E7 0.00000000 
-1.36624E7 1.374963E7 0.00000000 
-1.32313E7 1.330987E7 0.00000000 
-1.28305E7 1.290085E7 0.00000000 
-1.24551E7 1.251945E7 0.00000000 
-1.20938E7 1.215585E7 0.00000000 
-1.17322E7 1.179615E7 0.00000000 
-1.13565E7 1.142586E7 0.00000000 
-1.09564E7 1.103346E7 0.00000000 
-1.05282E7 1.061319E7 0.00000000 
-1.00753E7 1.016641E7 0.00000000 
-9.60720E6 9.701264E6 0.00000000 
-9.13740E6 9.230556E6 0.00000000 
-8.68007E6 8.768713E6 0.00000000 
-8.24687E6 8.328417E6 0.00000000 
-7.84455E6 7.917933E6 0.00000000 
-7.47388E6 7.539634E6 0.00000000 
-7.12990E6 7.189963E6 0.00000000 
-6.80352E6 6.860687E6 0.00000000 
-6.48381E6 6.541086E6 0.00000000 
-6.16077E6 6.220601E6 0.00000000 
-5.82765E6 5.891361E6 0.00000000 
-5.48254E6 5.550035E6 0.00000000 
-5.12873E6 5.198548E6 0.00000000 
-4.77369E6 4.843472E6 0.00000000 
-4.42716E6 4.494264E6 0.00000000 
-4.09873E6 4.160865E6 0.00000000 
-3.79565E6 3.851357E6 0.00000000 
-3.52135E6 3.570261E6 0.00000000 
-3.27506E6 3.317832E6 0.00000000 
-3.05224E6 3.090377E6 0.00000000 
-2.84592E6 2.881385E6 0.00000000 
-2.64840E6 2.683158E6 0.00000000 
-2.45306E6 2.488598E6 0.00000000 
-2.25578E6 2.292797E6 0.00000000 
-2.05583E6 2.094082E6 0.00000000 
-1.85579E6 1.894238E6 0.00000000 
-1.66070E6 1.697844E6 0.00000000 
-1.47656E6 1.510888E6 0.00000000 
-1.30873E6 1.339105E6 0.00000000 
-1.16066E6 1.186531E6 0.00000000 
-1.03321E6 1.054671E6 0.00000000 
-9.24697E5 9.423915E5 0.00000000 
-8.31500E5 8.464289E5 0.00000000 
-7.48959E5 7.622701E5 0.00000000 
-6.72412E5 6.851636E5 0.00000000 
-5.98159E5 6.110886E5 0.00000000 
-5.24166E5 5.375335E5 0.00000000 
-4.50367E5 4.639261E5 0.00000000 
-3.78445E5 3.915752E5 0.00000000 
-3.11136E5 3.230936E5 0.00000000 
-2.51275E5 2.614581E5 0.00000000 
-2.00916E5 2.090322E5 0.00000000 
-1.60806E5 1.668974E5 0.00000000 
-1.30332E5 1.346881E5 0.00000000 
-1.07846E5 1.108833E5 0.00000000 
-9.11638E4 9.333095E4 0.00000000 
-7.80373E4 7.976218E4 0.00000000 
-6.65356E4 6.817464E4 0.00000000 
-5.53174E4 5.709188E4 0.00000000 
-4.38075E4 4.574494E4 0.00000000 
-3.22225E4 3.415594E4 0.00000000 
-2.13776E4 2.303593E4 0.00000000 
-1.22846E4 1.344265E4 0.00000000 
-5.68096E3 6.284203E3 0.00000000 
-1.71105E3 1.893855E3 0.00000000 
8.337948E1 -9.50778E1 0.00000000 
4.825451E2 -5.11793E2 0.00000000 
2.136099E2 -2.14242E2 0.00000000 
-2.84239E2 2.563502E2 0.00000000 
-8.47538E2 7.359027E2 0.00000000 
-1.41338E3 1.242034E3 0.00000000 
-1.86958E3 1.735817E3 0.00000000 
-2.05756E3 2.050255E3 0.00000000 
-1.89447E3 2.018285E3 0.00000000 
-1.46803E3 1.644929E3 0.00000000 
-9.96069E2 1.138313E3 0.00000000 
-6.93942E2 7.681111E2 0.00000000 
-7.08823E2 7.114665E2 0.00000000 
-1.23546E3 1.084870E3 0.00000000 
-2.74243E3 2.187078E3 0.00000000 
-6.07416E3 4.734850E3 0.00000000 
-1.22220E4 9.791436E3 0.00000000 
-2.17968E4 1.828279E4 0.00000000 
-3.45119E4 3.034507E4 0.00000000 
-4.90690E4 4.496635E4 0.00000000 
-6.36261E4 6.026636E4 0.00000000 
-7.66549E4 7.435338E4 0.00000000 
-8.77457E4 8.630599E4 0.00000000 
-9.79740E4 9.675510E4 0.00000000 
-1.09757E5 1.078418E5 0.00000000 
-1.26424E5 1.227435E5 0.00000000 
-1.51744E5 1.451379E5 0.00000000 
-1.89432E5 1.787689E5 0.00000000 
-2.42418E5 2.269198E5 0.00000000 
-3.11731E5 2.914825E5 0.00000000 
-3.95298E5 3.716659E5 0.00000000 
-4.87404E5 4.629893E5 0.00000000 
-5.79564E5 5.575157E5 0.00000000 
-6.63000E5 6.458765E5 0.00000000 
-7.31926E5 7.206387E5 0.00000000 
-7.86285E5 7.796233E5 0.00000000 
-8.32743E5 8.276288E5 0.00000000 
-8.83661E5 8.758514E5 0.00000000 
-9.54739E5 9.395281E5 0.00000000 
-1.06225E6 1.035008E6 0.00000000 
-1.22020E6 1.177032E6 0.00000000 
-1.43688E6 1.375870E6 0.00000000 
-1.71019E6 1.633342E6 0.00000000 
-2.02252E6 1.937566E6 0.00000000 
-2.33778E6 2.258399E6 0.00000000 
-2.60411E6 2.547388E6 0.00000000 
-2.76440E6 2.745707E6 0.00000000 
-2.77320E6 2.800196E6 0.00000000 
-2.61377E6 2.682594E6 0.00000000 
-2.30761E6 2.403492E6 0.00000000 
-1.91072E6 2.013203E6 0.00000000 
-1.49701E6 1.587385E6 0.00000000 
-1.13607E6 1.203076E6 0.00000000 
-8.75692E5 9.164628E5 0.00000000 
-7.37422E5 7.532809E5 0.00000000 
-7.26190E5 7.160112E5 0.00000000 
-8.46888E5 8.024824E5 0.00000000 
-1.11685E6 1.023734E6 0.00000000 
-1.56537E6 1.409211E6 0.00000000 
-2.21912E6 1.994678E6 0.00000000 
-3.08075E6 2.798548E6 0.00000000 
-4.11281E6 3.799547E6 0.00000000 
-5.23659E6 4.928695E6 0.00000000 
-6.34839E6 6.081413E6 0.00000000 
-7.34696E6 7.145400E6 0.00000000 
-8.16089E6 8.032449E6 0.00000000 
-8.76541E6 8.701241E6 0.00000000 
-9.18374E6 9.163377E6 0.00000000 
-9.47460E6 9.472926E6 0.00000000 
-9.71274E6 9.706100E6 0.00000000 
-9.96943E6 9.939676E6 0.00000000 
-1.02981E7 1.023450E7 0.00000000 
-1.07267E7 1.062643E7 0.00000000 
-1.12561E7 1.112379E7 0.00000000 
-1.18629E7 1.170957E7 0.00000000 
-1.25063E7 1.234712E7 0.00000000 
-1.31378E7 1.298866E7 0.00000000 
-1.37124E7 1.358612E7 0.00000000 
-1.41987E7 1.410215E7 0.00000000 
-1.45861E7 1.451884E7 0.00000000 
-1.48864E7 1.484127E7 0.00000000 
-1.51296E7 1.509508E7 0.00000000 
-1.53553E7 1.531882E7 0.00000000 
-1.56033E7 1.555379E7 0.00000000 
-1.59038E7 1.583423E7 0.00000000 
-1.62716E7 1.618008E7 0.00000000 
-1.67035E7 1.659340E7 0.00000000 
-1.71794E7 1.705869E7 0.00000000 
-1.76673E7 1.754677E7 0.00000000 
-1.81307E7 1.802130E7 0.00000000 
-1.85366E7 1.844704E7 0.00000000 
-1.88631E7 1.879782E7 0.00000000 
-1.91043E7 1.906249E7 0.00000000 
-1.92710E7 1.924708E7 0.00000000 
-1.93875E7 1.937268E7 0.00000000 
-1.94849E7 1.946965E7 0.00000000 
-1.95938E7 1.956987E7 0.00000000 
-1.97370E7 1.969924E7 0.00000000 
-1.99246E7 1.987190E7 0.00000000 
-2.01519E7 2.008754E7 0.00000000 
-2.04014E7 2.033188E7 0.00000000 
-2.06461E7 2.058016E7 0.00000000 
-2.08568E7 2.080284E7 0.00000000 
-2.10079E7 2.097241E7 0.00000000 
-2.10839E7 2.106969E7 0.00000000 
-2.10824E7 2.108823E7 0.00000000 
-2.10146E7 2.103553E7 0.00000000 
-2.09021E7 2.093084E7 0.00000000 
-2.07715E7 2.080018E7 0.00000000 
-2.06478E7 2.066994E7 0.00000000 
-2.05490E7 2.056076E7 0.00000000 
-2.04822E7 2.048311E7 0.00000000 
-2.04424E7 2.043532E7 0.00000000 
-2.04138E7 2.040444E7 0.00000000 
-2.03742E7 2.036951E7 0.00000000 
-2.03001E7 2.030657E7 0.00000000 
-2.01718E7 2.019428E7 0.00000000 
-1.99789E7 2.001899E7 0.00000000 
-1.97218E7 1.977790E7 0.00000000 
-1.94120E7 1.947957E7 0.00000000 
-1.90688E7 1.914171E7 0.00000000 
-1.87148E7 1.878674E7 0.00000000 
-1.83707E7 1.843653E7 0.00000000 
-1.80506E7 1.810742E7 0.00000000 
-1.77591E7 1.780696E7 0.00000000 
-1.74911E7 1.753266E7 0.00000000 
-1.72333E7 1.727309E7 0.00000000 
-1.69673E7 1.701092E7 0.00000000 
-1.66749E7 1.672722E7 0.00000000 
-1.63415E7 1.640596E7 0.00000000 
-1.59607E7 1.603797E7 0.00000000 
-1.55347E7 1.562306E7 0.00000000 
-1.50745E7 1.517009E7 0.00000000 
-1.45970E7 1.469468E7 0.00000000 
-1.41207E7 1.421549E7 0.00000000 
-1.36618E7 1.374987E7 0.00000000 
-1.32307E7 1.331011E7 0.00000000 
-1.28299E7 1.290108E7 0.00000000 
-1.24545E7 1.251968E7 0.00000000 
-1.20932E7 1.215607E7 0.00000000 
-1.17317E7 1.179637E7 0.00000000 
-1.13559E7 1.142608E7 0.00000000 
-1.09559E7 1.103368E7 0.00000000 
-1.05277E7 1.061340E7 0.00000000 
-1.00748E7 1.016662E7 0.00000000 
-9.60671E6 9.701464E6 0.00000000 
-9.13692E6 9.230751E6 0.00000000 
-8.67961E6 8.768902E6 0.00000000 
-8.24643E6 8.328601E6 0.00000000 
-7.84413E6 7.918112E6 0.00000000 
-7.47347E6 7.539808E6 0.00000000 
-7.12950E6 7.190133E6 0.00000000 
-6.80313E6 6.860852E6 0.00000000 
-6.48344E6 6.541247E6 0.00000000 
-6.16041E6 6.220758E6 0.00000000 
-5.82730E6 5.891513E6 0.00000000 
-5.48221E6 5.550182E6 0.00000000 
-5.12840E6 5.198689E6 0.00000000 
-4.77338E6 4.843608E6 0.00000000 
-4.42686E6 4.494393E6 0.00000000 
-4.09845E6 4.160989E6 0.00000000 
-3.79538E6 3.851475E6 0.00000000 
-3.52110E6 3.570374E6 0.00000000 
-3.27481E6 3.317940E6 0.00000000 
-3.05200E6 3.090481E6 0.00000000 
-2.84569E6 2.881486E6 0.00000000 
-2.64819E6 2.683254E6 0.00000000 
-2.45285E6 2.488690E6 0.00000000 
-2.25558E6 2.292885E6 0.00000000 
-2.05564E6 2.094165E6 0.00000000 
-1.85561E6 1.894316E6 0.00000000 
-1.66053E6 1.697917E6 0.00000000 
-1.47641E6 1.510956E6 0.00000000 
-1.30859E6 1.339168E6 0.00000000 
-1.16052E6 1.186590E6 0.00000000 
-1.03308E6 1.054726E6 0.00000000 
-9.24578E5 9.424434E5 0.00000000 
-8.31387E5 8.464780E5 0.00000000 
-7.48851E5 7.623166E5 0.00000000 
-6.72310E5 6.852075E5 0.00000000 
-5.98063E5 6.111298E5 0.00000000 
-5.24077E5 5.375718E5 0.00000000 
-4.50286E5 4.639611E5 0.00000000 
-3.78372E5 3.916069E5 0.00000000 
-3.11070E5 3.231219E5 0.00000000 
-2.51217E5 2.614832E5 0.00000000 
-2.00866E5 2.090543E5 0.00000000 
-1.60762E5 1.669171E5 0.00000000 
-1.30293E5 1.347058E5 0.00000000 
-1.07810E5 1.108996E5 0.00000000 
-9.11307E4 9.334611E4 0.00000000 
-7.80063E4 7.977646E4 0.00000000 
-6.65068E4 6.818809E4 0.00000000 
-5.52910E4 5.710435E4 0.00000000 
-4.37844E4 4.575621E4 0.00000000 
-3.22034E4 3.416579E4 0.00000000 
-2.13630E4 2.304420E4 0.00000000 
-1.22746E4 1.344931E4 0.00000000 
-5.67530E3 6.289396E3 0.00000000 
-1.70891E3 1.897889E3 0.00000000 
8.324436E1 -9.17925E1 0.00000000 
4.815313E2 -5.08809E2 0.00000000 
2.130445E2 -2.11152E2 0.00000000 
-2.83354E2 2.598475E2 0.00000000 
-8.44701E2 7.399529E2 0.00000000 
-1.40865E3 1.246616E3 0.00000000 
-1.86351E3 1.740764E3 0.00000000 
-2.05102E3 2.055311E3 0.00000000 
-1.88837E3 2.023182E3 0.00000000 
-1.46302E3 1.649471E3 0.00000000 
-9.92378E2 1.142441E3 0.00000000 
-6.91182E2 7.719367E2 0.00000000 
-7.06024E2 7.152658E2 0.00000000 
-1.23121E3 1.089038E3 0.00000000 
-2.73513E3 2.192063E3 0.00000000 
-6.06237E3 4.741069E3 0.00000000 
-1.22047E4 9.799201E3 0.00000000 
-2.17736E4 1.829226E4 0.00000000 
-3.44830E4 3.035619E4 0.00000000 
-4.90353E4 4.497890E4 0.00000000 
-6.35888E4 6.028001E4 0.00000000 
-7.66153E4 7.436775E4 0.00000000 
-8.77047E4 8.632081E4 0.00000000 
-9.79320E4 9.677026E4 0.00000000 
-1.09714E5 1.078574E5 0.00000000 
-1.26378E5 1.227600E5 0.00000000 
-1.51694E5 1.451557E5 0.00000000 
-1.89376E5 1.787886E5 0.00000000 
-2.42354E5 2.269421E5 0.00000000 
-3.11657E5 2.915079E5 0.00000000 
-3.95216E5 3.716945E5 0.00000000 
-4.87312E5 4.630211E5 0.00000000 
-5.79466E5 5.575502E5 0.00000000 
-6.62896E5 6.459130E5 0.00000000 
-7.31818E5 7.206766E5 0.00000000 
-7.86176E5 7.796621E5 0.00000000 
-8.32634E5 8.276682E5 0.00000000 
-8.83551E5 8.758916E5 0.00000000 
-9.54624E5 9.395697E5 0.00000000 
-1.06213E6 1.035052E6 0.00000000 
-1.22008E6 1.177080E6 0.00000000 
-1.43674E6 1.375922E6 0.00000000 
-1.71003E6 1.633400E6 0.00000000 
-2.02235E6 1.937630E6 0.00000000 
-2.33760E6 2.258468E6 0.00000000 
-2.60392E6 2.547460E6 0.00000000 
-2.76421E6 2.745781E6 0.00000000 
-2.77302E6 2.800270E6 0.00000000 
-2.61360E6 2.682665E6 0.00000000 
-2.30746E6 2.403557E6 0.00000000 
-1.91058E6 2.013261E6 0.00000000 
-1.49690E6 1.587434E6 0.00000000 
-1.13598E6 1.203117E6 0.00000000 
-8.75613E5 9.164980E5 0.00000000 
-7.37351E5 7.533131E5 0.00000000 
-7.26117E5 7.160440E5 0.00000000 
-8.46803E5 8.025197E5 0.00000000 
-1.11674E6 1.023780E6 0.00000000 
-1.56524E6 1.409268E6 0.00000000 
-2.21895E6 1.994749E6 0.00000000 
-3.08055E6 2.798633E6 0.00000000 
-4.11258E6 3.799645E6 0.00000000 
-5.23633E6 4.928806E6 0.00000000 
-6.34811E6 6.081535E6 0.00000000 
-7.34667E6 7.145531E6 0.00000000 
-8.16058E6 8.032586E6 0.00000000 
-8.76510E6 8.701381E6 0.00000000 
-9.18343E6 9.163519E6 0.00000000 
-9.47430E6 9.473069E6 0.00000000 
-9.71244E6 9.706244E6 0.00000000 
-9.96913E6 9.939822E6 0.00000000 
-1.02978E7 1.023465E7 0.00000000 
-1.07264E7 1.062658E7 0.00000000 
-1.12558E7 1.112395E7 0.00000000 
-1.18626E7 1.170974E7 0.00000000 
-1.25059E7 1.234728E7 0.00000000 
-1.31375E7 1.298883E7 0.00000000 
-1.37120E7 1.358629E7 0.00000000 
-1.41983E7 1.410233E7 0.00000000 
-1.45858E7 1.451902E7 0.00000000 
-1.48861E7 1.484146E7 0.00000000 
-1.51292E7 1.509527E7 0.00000000 
-1.53550E7 1.531900E7 0.00000000 
-1.56029E7 1.555397E7 0.00000000 
-1.59035E7 1.583442E7 0.00000000 
-1.62713E7 1.618027E7 0.00000000 
-1.67032E7 1.659359E7 0.00000000 
-1.71790E7 1.705889E7 0.00000000 
-1.76670E7 1.754697E7 0.00000000 
-1.81304E7 1.802151E7 0.00000000 
-1.85363E7 1.844725E7 0.00000000 
-1.88628E7 1.879804E7 0.00000000 
-1.91040E7 1.906270E7 0.00000000 
-1.92707E7 1.924730E7 0.00000000 
-1.93871E7 1.937290E7 0.00000000 
-1.94845E7 1.946986E7 0.00000000 
-1.95934E7 1.957009E7 0.00000000 
-1.97367E7 1.969946E7 0.00000000 
-1.99242E7 1.987212E7 0.00000000 
-2.01516E7 2.008776E7 0.00000000 
-2.04010E7 2.033211E7 0.00000000 
-2.06458E7 2.058039E7 0.00000000 
-2.08565E7 2.080307E7 0.00000000 
-2.10076E7 2.097263E7 0.00000000 
-2.10836E7 2.106991E7 0.00000000 
-2.10821E7 2.108846E7 0.00000000 
-2.10143E7 2.103576E7 0.00000000 
-2.09018E7 2.093107E7 0.00000000 
-2.07712E7 2.080041E7 0.00000000 
-2.06475E7 2.067016E7 0.00000000 
-2.05487E7 2.056099E7 0.00000000 
-2.04819E7 2.048334E7 0.00000000 
-2.04420E7 2.043555E7 0.00000000 
-2.04135E7 2.040467E7 0.00000000 
-2.03739E7 2.036974E7 0.00000000 
-2.02998E7 2.030679E7 0.00000000 
-2.01715E7 2.019451E7 0.00000000 
-1.99786E7 2.001922E7 0.00000000 
-1.97215E7 1.977812E7 0.00000000 
-1.94117E7 1.947980E7 0.00000000 
-1.90685E7 1.914193E7 0.00000000 
-1.87145E7 1.878696E7 0.00000000 
-1.83704E7 1.843674E7 0.00000000 
-1.80503E7 1.810764E7 0.00000000 
-1.77588E7 1.780718E7 0.00000000 
-1.74909E7 1.753287E7 0.00000000 
-1.72330E7 1.727330E7 0.00000000 
-1.69671E7 1.701114E7 0.00000000 
-1.66746E7 1.672743E7 0.00000000 
-1.63413E7 1.640617E7 0.00000000 
-1.59604E7 1.603817E7 0.00000000 
-1.55344E7 1.562327E7 0.00000000 
-1.50743E7 1.517029E7 0.00000000 
-1.45968E7 1.469488E7 0.00000000 
-1.41205E7 1.421569E7 0.00000000 
-1.36616E7 1.375006E7 0.00000000 
-1.32304E7 1.331030E7 0.00000000 
-1.28297E7 1.290127E7 0.00000000 
-1.24543E7 1.251986E7 0.00000000 
-1.20930E7 1.215626E7 0.00000000 
-1.17315E7 1.179655E7 0.00000000 
-1.13557E7 1.142626E7 0.00000000 
-1.09557E7 1.103385E7 0.00000000 
-1.05275E7 1.061357E7 0.00000000 
-1.00746E7 1.016679E7 0.00000000 
-9.60654E6 9.701626E6 0.00000000 
-9.13676E6 9.230909E6 0.00000000 
-8.67946E6 8.769056E6 0.00000000 
-8.24628E6 8.328751E6 0.00000000 
-7.84398E6 7.918258E6 0.00000000 
-7.47332E6 7.539951E6 0.00000000 
-7.12936E6 7.190272E6 0.00000000 
-6.80299E6 6.860989E6 0.00000000 
-6.48331E6 6.541380E6 0.00000000 
-6.16028E6 6.220887E6 0.00000000 
-5.82718E6 5.891639E6 0.00000000 
-5.48209E6 5.550304E6 0.00000000 
-5.12829E6 5.198807E6 0.00000000 
-4.77327E6 4.843721E6 0.00000000 
-4.42676E6 4.494502E6 0.00000000 
-4.09835E6 4.161093E6 0.00000000 
-3.79528E6 3.851575E6 0.00000000 
-3.52101E6 3.570470E6 0.00000000 
-3.27472E6 3.318033E6 0.00000000 
-3.05191E6 3.090571E6 0.00000000 
-2.84561E6 2.881572E6 0.00000000 
-2.64811E6 2.683338E6 0.00000000 
-2.45278E6 2.488771E6 0.00000000 
-2.25551E6 2.292962E6 0.00000000 
-2.05557E6 2.094238E6 0.00000000 
-1.85555E6 1.894385E6 0.00000000 
-1.66047E6 1.697982E6 0.00000000 
-1.47635E6 1.511018E6 0.00000000 
-1.30854E6 1.339226E6 0.00000000 
-1.16048E6 1.186644E6 0.00000000 
-1.03303E6 1.054777E6 0.00000000 
-9.24534E5 9.424921E5 0.00000000 
-8.31346E5 8.465243E5 0.00000000 
-7.48812E5 7.623608E5 0.00000000 
-6.72273E5 6.852496E5 0.00000000 
-5.98028E5 6.111697E5 0.00000000 
-5.24044E5 5.376093E5 0.00000000 
-4.50256E5 4.639961E5 0.00000000 
-3.78344E5 3.916391E5 0.00000000 
-3.11046E5 3.231513E5 0.00000000 
-2.51196E5 2.615099E5 0.00000000 
-2.00847E5 2.090787E5 0.00000000 
-1.60745E5 1.669393E5 0.00000000 
-1.30278E5 1.347264E5 0.00000000 
-1.07797E5 1.109189E5 0.00000000 
-9.11181E4 9.336453E4 0.00000000 
-7.79945E4 7.979410E4 0.00000000 
-6.64957E4 6.820495E4 0.00000000 
-5.52810E4 5.712034E4 0.00000000 
-4.37755E4 4.577115E4 0.00000000 
-3.21960E4 3.417947E4 0.00000000 
-2.13573E4 2.305649E4 0.00000000 
-1.22707E4 1.346019E4 0.00000000 
-5.67311E3 6.298983E3 0.00000000 
-1.70807E3 1.906431E3 0.00000000 
8.319152E1 -8.39538E1 0.00000000 
4.811337E2 -5.01295E2 0.00000000 
2.128222E2 -2.03616E2 0.00000000 
-2.83005E2 2.676634E2 0.00000000 
-8.43581E2 7.481762E2 0.00000000 
-1.40678E3 1.255232E3 0.00000000 
-1.86111E3 1.749631E3 0.00000000 
-2.04842E3 2.064213E3 0.00000000 
-1.88593E3 2.031892E3 0.00000000 
-1.46103E3 1.657822E3 0.00000000 
-9.90900E2 1.150384E3 0.00000000 
-6.90074E2 7.795702E2 0.00000000 
-7.04898E2 7.228301E2 0.00000000 
-1.22949E3 1.096879E3 0.00000000 
-2.73219E3 2.200569E3 0.00000000 
-6.05760E3 4.750604E3 0.00000000 
-1.21977E4 9.810037E3 0.00000000 
-2.17641E4 1.830452E4 0.00000000 
-3.44712E4 3.036983E4 0.00000000 
-4.90216E4 4.499374E4 0.00000000 
-6.35736E4 6.029575E4 0.00000000 
-7.65992E4 7.438408E4 0.00000000 
-8.76880E4 8.633749E4 0.00000000 
-9.79149E4 9.678719E4 0.00000000 
-1.09696E5 1.078747E5 0.00000000 
-1.26359E5 1.227779E5 0.00000000 
-1.51673E5 1.451748E5 0.00000000 
-1.89353E5 1.788094E5 0.00000000 
-2.42328E5 2.269651E5 0.00000000 
-3.11628E5 2.915335E5 0.00000000 
-3.95182E5 3.717229E5 0.00000000 
-4.87275E5 4.630521E5 0.00000000 
-5.79426E5 5.575835E5 0.00000000 
-6.62854E5 6.459481E5 0.00000000 
-7.31775E5 7.207130E5 0.00000000 
-7.86132E5 7.796992E5 0.00000000 
-8.32589E5 8.277058E5 0.00000000 
-8.83506E5 8.759300E5 0.00000000 
-9.54578E5 9.396093E5 0.00000000 
-1.06208E6 1.035094E6 0.00000000 
-1.22002E6 1.177124E6 0.00000000 
-1.43669E6 1.375971E6 0.00000000 
-1.70997E6 1.633453E6 0.00000000 
-2.02228E6 1.937688E6 0.00000000 
-2.33753E6 2.258530E6 0.00000000 
-2.60384E6 2.547526E6 0.00000000 
-2.76413E6 2.745849E6 0.00000000 
-2.77294E6 2.800337E6 0.00000000 
-2.61353E6 2.682729E6 0.00000000 
-2.30739E6 2.403616E6 0.00000000 
-1.91053E6 2.013313E6 0.00000000 
-1.49685E6 1.587480E6 0.00000000 
-1.13594E6 1.203156E6 0.00000000 
-8.75582E5 9.165317E5 0.00000000 
-7.37322E5 7.533441E5 0.00000000 
-7.26088E5 7.160756E5 0.00000000 
-8.46769E5 8.025552E5 0.00000000 
-1.11670E6 1.023822E6 0.00000000 
-1.56519E6 1.409320E6 0.00000000 
-2.21888E6 1.994813E6 0.00000000 
-3.08047E6 2.798709E6 0.00000000 
-4.11248E6 3.799733E6 0.00000000 
-5.23623E6 4.928906E6 0.00000000 
-6.34800E6 6.081643E6 0.00000000 
-7.34655E6 7.145646E6 0.00000000 
-8.16046E6 8.032705E6 0.00000000 
-8.76498E6 8.701503E6 0.00000000 
-9.18331E6 9.163643E6 0.00000000 
-9.47417E6 9.473193E6 0.00000000 
-9.71232E6 9.706369E6 0.00000000 
-9.96901E6 9.939948E6 0.00000000 
-1.02977E7 1.023478E7 0.00000000 
-1.07263E7 1.062671E7 0.00000000 
-1.12557E7 1.112408E7 0.00000000 
-1.18624E7 1.170987E7 0.00000000 
-1.25058E7 1.234743E7 0.00000000 
-1.31373E7 1.298898E7 0.00000000 
-1.37119E7 1.358644E7 0.00000000 
-1.41982E7 1.410248E7 0.00000000 
-1.45856E7 1.451918E7 0.00000000 
-1.48860E7 1.484161E7 0.00000000 
-1.51291E7 1.509542E7 0.00000000 
-1.53548E7 1.531916E7 0.00000000 
-1.56028E7 1.555413E7 0.00000000 
-1.59033E7 1.583458E7 0.00000000 
-1.62712E7 1.618044E7 0.00000000 
-1.67030E7 1.659376E7 0.00000000 
-1.71789E7 1.705906E7 0.00000000 
-1.76668E7 1.754714E7 0.00000000 
-1.81302E7 1.802168E7 0.00000000 
-1.85361E7 1.844743E7 0.00000000 
-1.88626E7 1.879821E7 0.00000000 
-1.91038E7 1.906288E7 0.00000000 
-1.92705E7 1.924747E7 0.00000000 
-1.93870E7 1.937308E7 0.00000000 
-1.94844E7 1.947004E7 0.00000000 
-1.95933E7 1.957027E7 0.00000000 
-1.97365E7 1.969963E7 0.00000000 
-1.99241E7 1.987230E7 0.00000000 
-2.01515E7 2.008794E7 0.00000000 
-2.04009E7 2.033229E7 0.00000000 
-2.06457E7 2.058057E7 0.00000000 
-2.08563E7 2.080325E7 0.00000000 
-2.10075E7 2.097282E7 0.00000000 
-2.10834E7 2.107010E7 0.00000000 
-2.10819E7 2.108864E7 0.00000000 
-2.10141E7 2.103594E7 0.00000000 
-2.09017E7 2.093125E7 0.00000000 
-2.07710E7 2.080059E7 0.00000000 
-2.06474E7 2.067035E7 0.00000000 
-2.05486E7 2.056117E7 0.00000000 
-2.04818E7 2.048352E7 0.00000000 
-2.04419E7 2.043573E7 0.00000000 
-2.04134E7 2.040485E7 0.00000000 
-2.03738E7 2.036992E7 0.00000000 
-2.02996E7 2.030698E7 0.00000000 
-2.01714E7 2.019469E7 0.00000000 
-1.99785E7 2.001940E7 0.00000000 
-1.97214E7 1.977831E7 0.00000000 
-1.94116E7 1.947998E7 0.00000000 
-1.90684E7 1.914211E7 0.00000000 
-1.87144E7 1.878714E7 0.00000000 
-1.83703E7 1.843692E7 0.00000000 
-1.80502E7 1.810781E7 0.00000000 
-1.77587E7 1.780735E7 0.00000000 
-1.74908E7 1.753304E7 0.00000000 
-1.72329E7 1.727347E7 0.00000000 
-1.69670E7 1.701131E7 0.00000000 
-1.66745E7 1.672760E7 0.00000000 
-1.63412E7 1.640634E7 0.00000000 
-1.59603E7 1.603834E7 0.00000000 
-1.55343E7 1.562343E7 0.00000000 
-1.50742E7 1.517045E7 0.00000000 
-1.45967E7 1.469504E7 0.00000000 
-1.41204E7 1.421584E7 0.00000000 
-1.36615E7 1.375021E7 0.00000000 
-1.32304E7 1.331045E7 0.00000000 
-1.28297E7 1.290142E7 0.00000000 
-1.24543E7 1.252001E7 0.00000000 
-1.20930E7 1.215640E7 0.00000000 
-1.17314E7 1.179669E7 0.00000000 
-1.13557E7 1.142640E7 0.00000000 
-1.09556E7 1.103399E7 0.00000000 
-1.05275E7 1.061371E7 0.00000000 
-1.00745E7 1.016692E7 0.00000000 
-9.60648E6 9.701757E6 0.00000000 
-9.13671E6 9.231037E6 0.00000000 
-8.67940E6 8.769181E6 0.00000000 
-8.24622E6 8.328873E6 0.00000000 
-7.84393E6 7.918377E6 0.00000000 
-7.47327E6 7.540068E6 0.00000000 
-7.12932E6 7.190387E6 0.00000000 
-6.80295E6 6.861101E6 0.00000000 
-6.48326E6 6.541491E6 0.00000000 
-6.16024E6 6.220996E6 0.00000000 
-5.82713E6 5.891745E6 0.00000000 
-5.48205E6 5.550407E6 0.00000000 
-5.12825E6 5.198907E6 0.00000000 
-4.77323E6 4.843818E6 0.00000000 
-4.42672E6 4.494596E6 0.00000000 
-4.09832E6 4.161184E6 0.00000000 
-3.79525E6 3.851663E6 0.00000000 
-3.52098E6 3.570555E6 0.00000000 
-3.27470E6 3.318116E6 0.00000000 
-3.05189E6 3.090652E6 0.00000000 
-2.84558E6 2.881651E6 0.00000000 
-2.64808E6 2.683415E6 0.00000000 
-2.45276E6 2.488845E6 0.00000000 
-2.25549E6 2.293034E6 0.00000000 
-2.05555E6 2.094308E6 0.00000000 
-1.85553E6 1.894452E6 0.00000000 
-1.66046E6 1.698046E6 0.00000000 
-1.47633E6 1.511079E6 0.00000000 
-1.30852E6 1.339284E6 0.00000000 
-1.16046E6 1.186699E6 0.00000000 
-1.03302E6 1.054830E6 0.00000000 
-9.24523E5 9.425429E5 0.00000000 
-8.31335E5 8.465734E5 0.00000000 
-7.48802E5 7.624083E5 0.00000000 
-6.72264E5 6.852955E5 0.00000000 
-5.98019E5 6.112139E5 0.00000000 
-5.24036E5 5.376516E5 0.00000000 
-4.50248E5 4.640362E5 0.00000000 
-3.78338E5 3.916768E5 0.00000000 
-3.11040E5 3.231865E5 0.00000000 
-2.51191E5 2.615427E5 0.00000000 
-2.00842E5 2.091093E5 0.00000000 
-1.60741E5 1.669681E5 0.00000000 
-1.30274E5 1.347537E5 0.00000000 
-1.07794E5 1.109451E5 0.00000000 
-9.11151E4 9.338985E4 0.00000000 
-7.79917E4 7.981875E4 0.00000000 
-6.64932E4 6.822895E4 0.00000000 
-5.52786E4 5.714356E4 0.00000000 
-4.37734E4 4.579337E4 0.00000000 
-3.21943E4 3.420047E4 0.00000000 
-2.13560E4 2.307610E4 0.00000000 
-1.22698E4 1.347835E4 0.00000000 
-5.67260E3 6.315805E3 0.00000000 
-1.70787E3 1.922161E3 0.00000000 
8.317931E1 -6.89489E1 0.00000000 
4.810420E2 -4.86600E2 0.00000000 
2.127711E2 -1.88839E2 0.00000000 
-2.82925E2 2.828204E2 0.00000000 
-8.43327E2 7.638677E2 0.00000000 
-1.40636E3 1.271449E3 0.00000000 
